Delta,Time,CORE0_ENERGY (J),CORE0_FREQ (MHZ),CORE0_PSTATE,CORE0_VOLT (V),CORE1_ENERGY (J),CORE1_FREQ (MHZ),CORE1_PSTATE,CORE1_VOLT (V),CORE2_ENERGY (J),CORE2_FREQ (MHZ),CORE2_PSTATE,CORE2_VOLT (V),CORE3_ENERGY (J),CORE3_FREQ (MHZ),CORE3_PSTATE,CORE3_VOLT (V),CORE4_ENERGY (J),CORE4_FREQ (MHZ),CORE4_PSTATE,CORE4_VOLT (V),CORE5_ENERGY (J),CORE5_FREQ (MHZ),CORE5_PSTATE,CORE5_VOLT (V),CORE6_ENERGY (J),CORE6_FREQ (MHZ),CORE6_PSTATE,CORE6_VOLT (V),CORE7_ENERGY (J),CORE7_FREQ (MHZ),CORE7_PSTATE,CORE7_VOLT (V),CPU_ENERGY (J),CPU_FREQUENCY_0,CPU_FREQUENCY_1,CPU_FREQUENCY_10,CPU_FREQUENCY_11,CPU_FREQUENCY_12,CPU_FREQUENCY_13,CPU_FREQUENCY_14,CPU_FREQUENCY_15,CPU_FREQUENCY_2,CPU_FREQUENCY_3,CPU_FREQUENCY_4,CPU_FREQUENCY_5,CPU_FREQUENCY_6,CPU_FREQUENCY_7,CPU_FREQUENCY_8,CPU_FREQUENCY_9,CPU_USAGE_0,CPU_USAGE_1,CPU_USAGE_10,CPU_USAGE_11,CPU_USAGE_12,CPU_USAGE_13,CPU_USAGE_14,CPU_USAGE_15,CPU_USAGE_2,CPU_USAGE_3,CPU_USAGE_4,CPU_USAGE_5,CPU_USAGE_6,CPU_USAGE_7,CPU_USAGE_8,CPU_USAGE_9,TOTAL_MEMORY,TOTAL_SWAP,USED_MEMORY,USED_SWAP
0,1759422935910,5917.014831542969,2320,1,0.78125,5917.014831542969,2320,1,0.78125,5873.112457275391,2320,1,0.7875,5873.112457275391,2320,1,0.7875,6852.742202758789,2320,1,0.78125,6852.742202758789,2320,1,0.78125,5536.558639526367,2900,1,0.8875,5536.558639526367,2900,1,0.8875,42530.092041015625,3552,1886,4441,1102,3552,3553,4440,4437,3730,1102,3548,2567,4244,4135,3553,1102,7.894736289978027,2.702702760696411,5.263157844543457,10.526315689086914,7.692307949066162,5.263157844543457,5.405405521392822,10.256410598754883,7.894736289978027,5.405405521392822,5.405405521392822,5.263157844543457,2.702702760696411,7.894736289978027,7.692307949066162,2.702702760696411,13958320128,0,9415442432,0
199,1759422935910,5917.015121459961,2320,1,0.78125,5917.015121459961,2320,1,0.78125,5873.113052368164,2900,1,0.8875,5873.113052368164,2900,1,0.8875,6852.742431640625,2320,1,0.78125,6852.742431640625,2320,1,0.78125,5536.559967041016,2900,1,0.8875,5536.559967041016,2900,1,0.8875,42530.10194396973,3552,1886,4441,1102,3552,3553,4440,4437,3730,1102,3548,2567,4244,4135,3553,1102,7.894736289978027,2.702702760696411,5.263157844543457,10.526315689086914,7.692307949066162,5.263157844543457,5.405405521392822,10.256410598754883,7.894736289978027,5.405405521392822,5.405405521392822,5.263157844543457,2.702702760696411,7.894736289978027,7.692307949066162,2.702702760696411,13958320128,0,9415442432,0
199,1759422936110,5917.050033569336,3560,0,1.025,5917.050033569336,3560,0,1.025,5873.162261962891,3560,0,1.025,5873.162261962891,3560,0,1.025,6852.77180480957,3560,0,1.03125,6852.77180480957,3560,0,1.03125,5536.570114135742,3560,0,1.03125,5536.570114135742,3560,0,1.03125,42533.29846191406,3552,1886,4441,1102,3552,3553,4440,4437,3730,1102,3548,2567,4244,4135,3553,1102,4.761904716491699,0,0,0,0,0,90.47618865966797,0,0,4.761904716491699,0,0,0,0,0,0,13958320128,0,9442902016,0
199,1759422936310,5917.056823730469,2320,1,0.78125,5917.056823730469,2320,1,0.78125,5873.194396972656,2320,1,0.7875,5873.194396972656,2320,1,0.7875,6852.787567138672,2320,1,0.78125,6852.787567138672,2320,1,0.78125,5536.586471557617,2320,1,0.78125,5536.586471557617,2320,1,0.78125,42534.92576599121,3552,1886,4441,1102,3552,3553,4440,4437,3730,1102,3548,2567,4244,4135,3553,1102,0,0,0,0,0,0,26.3157901763916,9.523809432983398,9.523809432983398,0,4.761904716491699,0,0,0,0,0,13958320128,0,9448198144,0
199,1759422936510,5917.079360961914,2900,1,0.88125,5917.079360961914,2900,1,0.88125,5873.198486328125,2320,1,0.7875,5873.198486328125,2320,1,0.7875,6852.791473388672,2900,1,0.88125,6852.791473388672,2900,1,0.88125,5536.594299316406,2320,1,0.78125,5536.594299316406,2320,1,0.78125,42535.613525390625,3552,1886,4441,1102,3552,3553,4440,4437,3730,1102,3548,2567,4244,4135,3553,1102,9.523809432983398,0,4.761904716491699,9.523809432983398,0,0,0,0,0,0,0,0,4.761904716491699,0,0,0,13958320128,0,9448198144,0
199,1759422936711,5917.093811035156,2900,1,0.88125,5917.093811035156,2900,1,0.88125,5873.204010009766,2320,1,0.7875,5873.204010009766,2320,1,0.7875,6852.803375244141,2900,1,0.88125,6852.803375244141,2900,1,0.88125,5536.600738525391,2320,1,0.78125,5536.600738525391,2320,1,0.78125,42536.349060058594,3552,1886,4441,1102,3552,3553,4440,4437,3730,1102,3548,2567,4244,4135,3553,1102,0,0,0,0,0,0,9.523809432983398,4.761904716491699,4.761904716491699,0,0,0,0,0,0,0,13958320128,0,9446551552,0
199,1759422936911,5917.1134033203125,2900,1,0.88125,5917.1134033203125,2900,1,0.88125,5873.216079711914,2320,1,0.7875,5873.216079711914,2320,1,0.7875,6852.813919067383,2900,1,0.88125,6852.813919067383,2900,1,0.88125,5536.601608276367,2320,1,0.78125,5536.601608276367,2320,1,0.78125,42537.08238220215,3552,1886,4441,1102,3552,3553,4440,4437,3730,1102,3548,2567,4244,4135,3553,1102,0,0,0,0,0,0,9.523809432983398,4.761904716491699,4.761904716491699,0,0,0,0,0,0,0,13958320128,0,9442271232,0
199,1759422937111,5917.126220703125,2900,1,0.88125,5917.126220703125,2900,1,0.88125,5873.2296142578125,2900,1,0.8875,5873.2296142578125,2900,1,0.8875,6852.848449707031,2900,1,0.88125,6852.848449707031,2900,1,0.88125,5536.608184814453,2320,1,0.78125,5536.608184814453,2320,1,0.78125,42537.878829956055,3552,1886,4441,1102,3552,3553,4440,4437,3730,1102,3548,2567,4244,4135,3553,1102,2.5,0,5,0,2.5641026496887207,0,2.5641026496887207,0,2.5641026496887207,0,0,0,2.4390242099761963,0,0,0,13958320128,0,9440468992,0
199,1759422937311,5917.134735107422,2320,1,0.78125,5917.134735107422,2320,1,0.78125,5873.2330322265625,2320,1,0.7875,5873.2330322265625,2320,1,0.7875,6852.864227294922,2320,1,0.78125,6852.865325927734,2320,1,0.78125,5536.619384765625,2320,1,0.78125,5536.619384765625,2320,1,0.78125,42538.604248046875,3552,1886,4441,1102,3552,3553,4440,4437,3730,1102,3548,2567,4244,4135,3553,1102,2.5,0,5,0,2.5641026496887207,0,2.5641026496887207,0,2.5641026496887207,0,0,0,2.4390242099761963,0,0,0,13958320128,0,9439944704,0
199,1759422937511,5917.142990112305,2320,1,0.78125,5917.142990112305,2320,1,0.78125,5873.246231079102,2900,1,0.8875,5873.246231079102,2900,1,0.8875,6852.873260498047,2900,1,0.88125,6852.873260498047,2900,1,0.88125,5536.633850097656,2320,1,0.78125,5536.633865356445,2320,1,0.78125,42539.31416320801,3552,1886,4441,1102,3552,3553,4440,4437,3730,1102,3548,2567,4244,4135,3553,1102,4.878048419952393,0,5,4.878048419952393,0,0,5,0,2.4390242099761963,0,2.5,2.4390242099761963,0,0,0,0,13958320128,0,9439944704,0
199,1759422937711,5917.151641845703,2320,1,0.78125,5917.151641845703,2320,1,0.78125,5873.253799438477,2320,1,0.7875,5873.253799438477,2320,1,0.7875,6852.887664794922,2900,1,0.88125,6852.887664794922,2900,1,0.88125,5536.644790649414,2320,1,0.78125,5536.644805908203,2320,1,0.78125,42540.05310058594,3552,1886,4441,1102,3552,3553,4440,4437,3730,1102,3548,2567,4244,4135,3553,1102,5,0,5,0,9.523809432983398,0,5,0,0,0,4.761904716491699,0,0,0,0,0,13958320128,0,9434976256,0
199,1759422937911,5917.1563720703125,2900,1,0.88125,5917.1563720703125,2900,1,0.88125,5873.262054443359,2320,1,0.7875,5873.262115478516,2320,1,0.7875,6852.898727416992,2320,1,0.78125,6852.898727416992,2320,1,0.78125,5536.659927368164,2900,1,0.8875,5536.659927368164,2900,1,0.8875,42540.89710998535,3552,1886,4441,1102,3552,3553,4440,4437,3730,1102,3548,2567,4244,4135,3553,1102,0,0,0,0,0,0,10.526315689086914,0,0,0,0,0,0,0,0,0,13958320128,0,9429491712,0
199,1759422938111,5917.1663818359375,2900,1,0.88125,5917.1663818359375,2900,1,0.88125,5873.272598266602,2320,1,0.7875,5873.272598266602,2320,1,0.7875,6852.907989501953,2900,1,0.88125,6852.907989501953,2900,1,0.88125,5536.670303344727,2320,1,0.78125,5536.670303344727,2320,1,0.78125,42541.62727355957,3552,1886,4441,1102,3552,3553,4440,4437,3730,1102,3548,2567,4244,4135,3553,1102,5,0,0,5,5,0,5,0,5,0,0,0,0,0,9.090909004211426,0,13958320128,0,9429491712,0
199,1759422938311,5917.173385620117,2320,1,0.78125,5917.173385620117,2320,1,0.78125,5873.275329589844,2320,1,0.7875,5873.275329589844,2320,1,0.7875,6852.913345336914,2900,1,0.88125,6852.913345336914,2900,1,0.88125,5536.682800292969,2320,1,0.78125,5536.682800292969,2320,1,0.78125,42542.331298828125,3552,1886,4441,1102,3552,3553,4440,4437,3730,1102,3548,2567,4244,4135,3553,1102,0,0,5,0,0,0,5,0,0,0,0,0,0,0,0,0,13958320128,0,9429491712,0
199,1759422938511,5917.191421508789,2320,1,0.78125,5917.191421508789,2320,1,0.78125,5873.286758422852,2900,1,0.8875,5873.286758422852,2900,1,0.8875,6852.922500610352,2900,1,0.88125,6852.922500610352,2900,1,0.88125,5536.698944091797,2320,1,0.78125,5536.698944091797,2320,1,0.78125,42543.02250671387,3552,1886,4441,1102,3552,3553,4440,4437,3730,1102,3548,2567,4244,4135,3553,1102,9.523809432983398,0,0,0,9.523809432983398,0,5,0,0,0,4.761904716491699,0,4.761904716491699,0,0,0,13958320128,0,9429090304,0
199,1759422938711,5917.197357177734,2900,1,0.88125,5917.197357177734,2900,1,0.88125,5873.29133605957,2320,1,0.7875,5873.29133605957,2320,1,0.7875,6852.931457519531,2900,1,0.88125,6852.931457519531,2900,1,0.88125,5536.707092285156,2900,1,0.8875,5536.707122802734,2900,1,0.8875,42543.79325866699,3552,1886,4441,1102,3552,3553,4440,4437,3730,1102,3548,2567,4244,4135,3553,1102,5,0,5,0,0,0,9.523809432983398,0,0,0,5,0,0,0,0,0,13958320128,0,9429311488,0
199,1759422938912,5917.202667236328,2320,1,0.78125,5917.202667236328,2320,1,0.78125,5873.29638671875,2320,1,0.7875,5873.29638671875,2320,1,0.7875,6852.937789916992,2900,1,0.88125,6852.937789916992,2900,1,0.88125,5536.710647583008,2320,1,0.78125,5536.710647583008,2320,1,0.78125,42544.52265930176,3552,1886,4441,1102,3552,3553,4440,4437,3730,1102,3548,2567,4244,4135,3553,1102,0,0,5,4.761904716491699,9.523809432983398,4.761904716491699,5,0,0,0,0,0,0,0,0,0,13958320128,0,9423097856,0
201,1759422939112,5917.219268798828,2320,1,0.78125,5917.219268798828,2320,1,0.78125,5873.307815551758,2320,1,0.7875,5873.307815551758,2320,1,0.7875,6852.945159912109,2900,1,0.88125,6852.945159912109,2900,1,0.88125,5536.718170166016,2320,1,0.78125,5536.718170166016,2320,1,0.78125,42545.2809753418,3552,1886,4441,1102,3552,3553,4440,4437,3730,1102,3548,2567,4244,4135,3553,1102,0,0,5,4.761904716491699,9.523809432983398,4.761904716491699,5,0,0,0,0,0,0,0,0,0,13958320128,0,9419833344,0
199,1759422939313,5917.3216552734375,3375,0,0.9875,5917.3216552734375,3375,0,0.9812500000000001,5873.411437988281,3375,0,0.9875,5873.411437988281,3375,0,0.9875,6853.048294067383,3375,0,0.9812500000000001,6853.048294067383,3375,0,0.9812500000000001,5536.816589355469,3375,0,0.9812500000000001,5536.816589355469,3375,0,0.9812500000000001,42546.92378234863,3552,1886,4441,1102,3552,3553,4440,4437,3730,1102,3548,2567,4244,4135,3553,1102,10,10,12.820513725280762,7.692307949066162,10.256410598754883,7.692307949066162,17.5,7.692307949066162,12.195121765136719,7.692307949066162,10,7.500000476837158,9.756096839904785,7.692307949066162,10,10,13958320128,0,9428955136,0
199,1759422939513,5917.496994018555,3560,0,1.025,5917.496994018555,3560,0,1.025,5873.544128417969,3560,0,1.03125,5873.544128417969,3560,0,1.03125,6853.183135986328,3560,0,1.03125,6853.183135986328,3560,0,1.03125,5536.959396362305,3560,0,1.03125,5536.959396362305,4450,0,1.03125,42550.63414001465,3552,1886,4441,1102,3552,3553,4440,4437,3730,1102,3548,2567,4244,4135,3553,1102,25,25,95,30.000001907348633,25,25,25,25,25,25,25,25,25,25,25,25,13958320128,0,9459109888,0
199,1759422939713,5917.564590454102,3560,0,1.025,5917.564590454102,3560,0,1.025,5873.575759887695,3560,0,1.03125,5873.575759887695,3560,0,1.03125,6853.224945068359,3560,0,1.03125,6853.224945068359,3560,0,1.03125,5537.015548706055,4450,0,1.29375,5537.015548706055,4450,0,1.29375,42553.94923400879,3552,1886,4441,1102,3552,3553,4440,4437,3730,1102,3548,2567,4244,4135,3553,1102,25,25,95,30.000001907348633,25,25,25,25,25,25,25,25,25,25,25,25,13958320128,0,9474060288,0
199,1759422939913,5917.635955810547,3560,0,1.025,5917.635955810547,3560,0,1.025,5873.624725341797,3560,0,1.025,5873.624725341797,3560,0,1.025,6853.250473022461,3560,0,1.025,6853.250473022461,3560,0,1.025,5537.054992675781,4450,0,1.29375,5537.054992675781,4450,0,1.29375,42557.12889099121,3552,1886,4441,1102,3552,3553,4440,4437,3730,1102,3548,2567,4244,4135,3553,1102,2.5,0,28.205129623413086,67.5,2.5,0,0,0,2.5641026496887207,0,2.5,0,0,0,2.5,2.4390242099761963,13958320128,0,9525964800,0
199,1759422940113,5917.665863037109,3560,0,1.025,5917.665863037109,3560,0,1.025,5873.628326416016,3560,0,1.03125,5873.628326416016,3560,0,1.03125,6853.269241333008,3560,0,1.03125,6853.269241333008,3560,0,1.03125,5537.107376098633,3560,0,1.03125,5537.107376098633,3560,0,1.03125,42560.30815124512,3552,1886,4441,1102,3552,3553,4440,4437,3730,1102,3548,2567,4244,4135,3553,1102,5,0,0,100,5,0,5,0,0,0,0,0,0,0,0,0,13958320128,0,9564782592,0
199,1759422940313,5917.987854003906,3550,0,1.025,5917.987854003906,3550,0,1.025,5873.87385559082,3550,0,1.03125,5873.87385559082,3550,0,1.03125,6853.508972167969,3550,0,1.025,6853.508972167969,3550,0,1.025,5537.33512878418,3550,0,1.025,5537.33512878418,3550,0,1.025,42564.70649719238,3552,1886,4441,1102,3552,3553,4440,4437,3730,1102,3548,2567,4244,4135,3553,1102,31.81818199157715,47.36842346191406,71.42857360839844,35,50,52.38095474243164,40,30.000001907348633,10,50,15.000000953674316,50,47.619049072265625,5,5,47.36842346191406,13958320128,0,9576136704,0
199,1759422940513,5918.372482299805,3450,0,1,5918.372482299805,3450,0,1,5874.2696533203125,3450,0,1.00625,5874.2696533203125,3450,0,1.00625,6853.910705566406,3450,0,1,6853.910705566406,3450,0,1,5537.743225097656,3450,0,1,5537.743225097656,3450,0,1,42569.704986572266,3552,1886,4441,1102,3552,3553,4440,4437,3730,1102,3548,2567,4244,4135,3553,1102,0,100,100,60.000003814697266,100,100,100,21.052631378173828,5,100,0,100,100,5.263157844543457,15.789472579956055,100,13958320128,0,9619267584,0
199,1759422940713,5918.756057739258,3525,0,1.01875,5918.756057739258,3525,0,1.01875,5874.649078369141,3525,0,1.025,5874.649078369141,3525,0,1.025,6854.299575805664,3525,0,1.01875,6854.299575805664,3500,0,1.01875,5538.129852294922,3500,0,1.0125000000000002,5538.129852294922,3500,0,1.0125000000000002,42574.70184326172,3552,1886,4441,1102,3552,3553,4440,4437,3730,1102,3548,2567,4244,4135,3553,1102,0,100,100,5,100,100,100,0,0,100,9.523809432983398,100,100,5,100,100,13958320128,0,9710764032,0
199,1759422940913,5919.246292114258,3475,0,1.00625,5919.246292114258,3475,0,1.00625,5875.106109619141,3475,0,1.0125000000000002,5875.106109619141,3475,0,1.0125000000000002,6854.65608215332,3475,0,1.00625,6854.65608215332,3475,0,1.00625,5538.492767333984,3475,0,1.00625,5538.492767333984,3475,0,1.00625,42579.67637634277,3552,1886,4441,1102,3552,3553,4440,4437,3730,1102,3548,2567,4244,4135,3553,1102,36.842105865478516,85,85.71428680419922,0,94.73684692382813,85,33.333335876464844,66.66667175292969,25,80,80.95238494873047,0,5.263157844543457,80.95238494873047,23.809524536132813,85,13958320128,0,9706254336,0
199,1759422941114,5919.790298461914,3500,0,1.0125000000000002,5919.790298461914,3500,0,1.0125000000000002,5875.693435668945,3500,0,1.01875,5875.693435668945,3500,0,1.01875,6855.092849731445,3500,0,1.0125000000000002,6855.092849731445,3500,0,1.0125000000000002,5538.897186279297,3500,0,1.01875,5538.897186279297,3500,0,1.01875,42584.64666748047,3552,1886,4441,1102,3552,3553,4440,4437,3730,1102,3548,2567,4244,4135,3553,1102,40,100,100,9.523809432983398,100,100,0,100,55,100,100,10.526315689086914,0,100,0,100,13958320128,0,9717039104,0
199,1759422941314,5920.195037841797,3575,0,1.03125,5920.1968994140625,3575,0,1.03125,5876.099014282227,3575,0,1.0375,5876.099014282227,3575,0,1.0375,6855.836822509766,3500,0,1.03125,6855.836822509766,3500,0,1.0125000000000002,5539.306549072266,3500,0,1.0125000000000002,5539.306549072266,3500,0,1.0125000000000002,42589.64239501953,3552,1886,4441,1102,3552,3553,4440,4437,3730,1102,3548,2567,4244,4135,3553,1102,5,100,100,0,100,100,5,100,5,100,100,95.23809814453125,5,100,0,100,13958320128,0,9736896512,0
199,1759422941514,5920.544845581055,3560,0,1.025,5920.544845581055,3560,0,1.025,5876.438812255859,3560,0,1.03125,5876.438812255859,3560,0,1.03125,6856.626174926758,3560,0,1.03125,6856.626174926758,3560,0,1.03125,5539.649978637695,3560,0,1.03125,5539.649978637695,3560,0,1.03125,42594.52755737305,3552,1886,4441,1102,3552,3553,4440,4437,3730,1102,3548,2567,4244,4135,3553,1102,0,85,95.45454406738281,5,90.47618865966797,90,0,90,0,90,90,90,5,90,4.761904716491699,85.71428680419922,13958320128,0,9738919936,0
199,1759422941714,5920.572326660156,3560,0,1.025,5920.572326660156,3560,0,1.025,5876.456390380859,3560,0,1.03125,5876.456390380859,3560,0,1.03125,6856.636520385742,3560,0,1.03125,6856.636520385742,3560,0,1.03125,5539.689422607422,3560,0,1.03125,5539.689422607422,3560,0,1.03125,42598.41357421875,3552,1886,4441,1102,3552,3553,4440,4437,3730,1102,3548,2567,4244,4135,3553,1102,5,0,100,0,0,0,5,0,5,0,0,0,0,0,5,0,13958320128,0,9754308608,0
199,1759422941914,5920.912246704102,3625,0,1.0437500000000002,5920.912246704102,3625,0,1.0437500000000002,5876.835647583008,3525,0,1.0437500000000002,5876.835647583008,3525,0,1.025,6857.230484008789,3525,0,1.01875,6857.230484008789,3525,0,1.01875,5540.08219909668,3525,0,1.01875,5540.08219909668,3525,0,1.01875,42603.423400878906,3552,1886,4441,1102,3552,3553,4440,4437,3730,1102,3548,2567,4244,4135,3553,1102,70,15.789472579956055,100,5.263157844543457,85,85,10,90,84.21052551269531,15.000000953674316,89.47368621826172,70,20,85,0,89.47368621826172,13958320128,0,9911586816,0
199,1759422942114,5921.303741455078,3575,0,1.03125,5921.303741455078,3575,0,1.03125,5877.220901489258,3575,0,1.0375,5877.220901489258,3575,0,1.0375,6857.760055541992,3575,0,1.03125,6857.760055541992,3575,0,1.03125,5540.457504272461,3575,0,1.0375,5540.457504272461,3575,0,1.0375,42608.42216491699,3552,1886,4441,1102,3552,3553,4440,4437,3730,1102,3548,2567,4244,4135,3553,1102,100,0,100,0,100,100,63.15789031982422,100,100,0,100,38.88888931274414,60.000003814697266,45,60.000003814697266,40,13958320128,0,10030174208,0
199,1759422942314,5921.722305297852,3600,0,1.0375,5921.722305297852,3600,0,1.0375,5877.637130737305,3600,0,1.0375,5877.637130737305,3600,0,1.0375,6858.185440063477,3600,0,1.0375,6858.185440063477,3600,0,1.0375,5540.831634521484,3600,0,1.0437500000000002,5540.831634521484,3600,0,1.0437500000000002,42613.39237976074,3552,1886,4441,1102,3552,3553,4440,4437,3730,1102,3548,2567,4244,4135,3553,1102,100,5,100,5,30.000001907348633,100,33.333335876464844,100,100,0,100,9.090909004211426,90.47618865966797,0,100,0,13958320128,0,10030432256,0
199,1759422942514,5922.159286499023,3700,0,1.0625,5922.159286499023,3700,0,1.0625,5878.074981689453,3575,0,1.03125,5878.074981689453,3575,0,1.03125,6858.624923706055,3575,0,1.03125,6858.624923706055,3575,0,1.03125,5541.2689208984375,3575,0,1.0375,5541.2689208984375,3575,0,1.0375,42618.4051361084,3552,1886,4441,1102,3552,3553,4440,4437,3730,1102,3548,2567,4244,4135,3553,1102,100,4.761904716491699,100,5,0,100,0,100,100,0,100,0,100,4.761904716491699,100,0,13958320128,0,10032422912,0
199,1759422942714,5922.631271362305,2900,1,0.88125,5922.631271362305,2825,1,0.86875,5878.556137084961,2825,1,0.86875,5878.556137084961,2825,1,0.86875,6859.107360839844,2825,1,0.8625,6859.107360839844,2825,1,0.8625,5541.747955322266,2825,1,0.86875,5541.747955322266,2825,1,0.86875,42623.436782836914,3552,1886,4441,1102,3552,3553,4440,4437,3730,1102,3548,2567,4244,4135,3553,1102,100,0,100,0,5,100,0,100,100,0,100,0,95.23809814453125,5.263157844543457,95,5.263157844543457,13958320128,0,10032115712,0
199,1759422942914,5923.042221069336,3475,0,1.00625,5923.042221069336,3475,0,1.00625,5878.969436645508,3475,0,1.00625,5878.969436645508,3475,0,1.00625,6859.523895263672,3475,0,1.00625,6859.523895263672,3475,0,1.00625,5542.2779541015625,3475,0,1.00625,5542.2779541015625,3475,0,1.00625,42628.37989807129,3552,1886,4441,1102,3552,3553,4440,4437,3730,1102,3548,2567,4244,4135,3553,1102,100,0,100,0,5,100,0,100,100,0,100,0,95.23809814453125,5.263157844543457,95,5.263157844543457,13958320128,0,10188115968,0
199,1759422943114,5923.230667114258,3560,0,1.025,5923.230667114258,3560,0,1.025,5879.145523071289,3560,0,1.03125,5879.145523071289,3560,0,1.03125,6859.689270019531,3560,0,1.025,6859.689270019531,3560,0,1.025,5542.47819519043,3560,0,1.03125,5542.47819519043,3560,0,1.03125,42632.57145690918,3552,1886,4441,1102,3552,3553,4440,4437,3730,1102,3548,2567,4244,4135,3553,1102,46.153846740722656,25,70,5,2.5,67.5,2.6315789222717285,97.5,68.29268646240234,7.317072868347168,67.5,2.5641026496887207,52.499996185302734,67.5,52.499996185302734,68.29268646240234,13958320128,0,10075168768,0
199,1759422943314,5923.599319458008,2400,0,0.95,5923.599319458008,2400,1,0.79375,5879.539031982422,2400,1,0.79375,5879.539031982422,2400,1,0.79375,6860.160385131836,2400,1,0.7875,6860.160385131836,2400,1,0.7875,5542.942230224609,2400,1,0.79375,5542.942230224609,2400,1,0.79375,42637.67794799805,3552,1886,4441,1102,3552,3553,4440,4437,3730,1102,3548,2567,4244,4135,3553,1102,65,25,90,5,0,95,66.66667175292969,76.19047546386719,15.000000953674316,84.21052551269531,38.095237731933594,95,25,95,95,95,13958320128,0,10195030016,0
199,1759422943514,5924.00846862793,3525,0,1.01875,5924.00846862793,3525,0,1.01875,5879.941925048828,3525,0,1.01875,5879.941925048828,3525,0,1.01875,6860.562149047852,3525,0,1.01875,6860.562149047852,3525,0,1.01875,5543.402740478516,3525,0,1.01875,5543.402740478516,3525,0,1.01875,42642.62078857422,3552,1886,4441,1102,3552,3553,4440,4437,3730,1102,3548,2567,4244,4135,3553,1102,100,5.263157844543457,100,5,4.761904716491699,100,100,85,0,100,0,100,21.052631378173828,100,100,100,13958320128,0,10291744768,0
199,1759422943715,5924.4423828125,2575,1,0.825,5924.4423828125,2575,1,0.825,5880.369705200195,2575,1,0.825,5880.369705200195,2575,1,0.825,6860.990661621094,2575,1,0.81875,6860.990661621094,2525,1,0.81875,5543.85205078125,2525,1,0.8125,5543.85205078125,2525,1,0.8125,42647.68035888672,3552,1886,4441,1102,3552,3553,4440,4437,3730,1102,3548,2567,4244,4135,3553,1102,100,10,100,4.761904716491699,0,100,100,94.73684692382813,0,100,0,100,5.263157844543457,100,100,100,13958320128,0,10505760768,0
199,1759422943915,5924.854522705078,2475,1,0.80625,5924.854522705078,2475,1,0.80625,5880.774307250977,2475,1,0.80625,5880.774307250977,2475,1,0.80625,6861.3929443359375,2475,1,0.8,6861.3929443359375,2475,1,0.8,5544.279022216797,2475,1,0.80625,5544.281341552734,2475,1,0.80625,42652.698501586914,3552,1886,4441,1102,3552,3553,4440,4437,3730,1102,3548,2567,4244,4135,3553,1102,100,9.523809432983398,100,0,95,10,100,85.71428680419922,95,9.523809432983398,95,9.523809432983398,10,100,100,100,13958320128,0,10539114496,0
199,1759422944115,5925.249038696289,3175,1,0.9375,5925.249038696289,3175,1,0.9375,5881.170639038086,3175,1,0.9375,5881.170639038086,3175,1,0.9375,6861.793487548828,3175,1,0.9375,6861.793487548828,3175,1,0.9375,5544.671173095703,3175,1,0.9375,5544.672470092773,3175,1,0.9375,42657.65684509277,3552,1886,4441,1102,3552,3553,4440,4437,3730,1102,3548,2567,4244,4135,3553,1102,100,9.523809432983398,100,0,95,10,100,85.71428680419922,95,9.523809432983398,95,9.523809432983398,10,100,100,100,13958320128,0,10583719936,0
199,1759422944315,5925.650543212891,3325,0,0.96875,5925.650543212891,3325,0,0.96875,5881.5714111328125,3325,0,0.975,5881.573822021484,3325,0,0.975,6862.195343017578,2900,0,0.96875,6862.195343017578,2900,1,0.88125,5545.069686889648,2900,1,0.88125,5545.069686889648,2900,1,0.88125,42662.64907836914,3552,1886,4441,1102,3552,3553,4440,4437,3730,1102,3548,2567,4244,4135,3553,1102,100,2.5641026496887207,100,2.5641026496887207,100,12.5,100,95,100,2.5641026496887207,100,5,2.5,100,100,100,13958320128,0,10613235712,0
199,1759422944515,5926.05354309082,3650,0,1.05,5926.05354309082,3650,0,1.05,5881.968887329102,3650,0,1.05625,5881.968887329102,3650,0,1.05625,6862.589019775391,3650,0,1.05,6862.589019775391,3650,0,1.05,5545.465148925781,3650,0,1.05,5545.46826171875,3650,0,1.05,42667.63026428223,3552,1886,4441,1102,3552,3553,4440,4437,3730,1102,3548,2567,4244,4135,3553,1102,100,5.263157844543457,100,0,100,10.526315689086914,100,85,100,0,100,0,0,100,100,100,13958320128,0,10631589888,0
199,1759422944715,5926.459701538086,2425,1,0.8,5926.459701538086,2425,1,0.8,5882.375213623047,2425,1,0.8,5882.375213623047,2425,1,0.8,6862.992919921875,2425,1,0.79375,6862.992919921875,2425,1,0.79375,5545.864227294922,2425,1,0.8,5545.866226196289,2425,1,0.8,42672.68438720703,3552,1886,4441,1102,3552,3553,4440,4437,3730,1102,3548,2567,4244,4135,3553,1102,100,5.263157844543457,100,0,100,10.526315689086914,100,85,100,0,100,0,0,100,100,100,13958320128,0,10588770304,0
199,1759422944915,5926.877410888672,2300,1,0.775,5926.877410888672,2325,1,0.78125,5882.783584594727,2325,1,0.7875,5882.783584594727,2325,1,0.7875,6863.40837097168,2325,1,0.775,6863.40837097168,2325,1,0.775,5546.261383056641,2325,1,0.78125,5546.261383056641,2325,1,0.78125,42677.68591308594,3552,1886,4441,1102,3552,3553,4440,4437,3730,1102,3548,2567,4244,4135,3553,1102,100,5,100,9.756096839904785,100,9.756096839904785,100,95,100,5,100,2.5,5,100,100,100,13958320128,0,10587410432,0
199,1759422945115,5927.283233642578,2375,1,0.7875,5927.283233642578,2375,1,0.7875,5883.171096801758,2375,1,0.79375,5883.172546386719,2375,1,0.79375,6863.8134765625,2425,1,0.7875,6863.8134765625,2425,1,0.79375,5546.653762817383,2425,1,0.8,5546.653762817383,2425,1,0.8,42682.657470703125,3552,1886,4441,1102,3552,3553,4440,4437,3730,1102,3548,2567,4244,4135,3553,1102,100,0,100,0,100,0,100,100,100,0,100,9.523809432983398,5.263157844543457,100,100,100,13958320128,0,10587410432,0
199,1759422945315,5927.694030761719,2450,1,0.8,5927.694030761719,2450,1,0.8,5883.562240600586,2450,1,0.80625,5883.562240600586,2450,1,0.80625,6864.218505859375,2450,1,0.8,6864.221145629883,2450,1,0.8,5547.0438232421875,2425,1,0.80625,5547.0438232421875,2425,1,0.8,42687.65495300293,3552,1886,4441,1102,3552,3553,4440,4437,3730,1102,3548,2567,4244,4135,3553,1102,100,0,100,9.523809432983398,100,5,100,100,100,5,100,0,0,100,100,100,13958320128,0,10587373568,0
199,1759422945515,5928.10417175293,2350,1,0.7875,5928.10417175293,2350,1,0.7875,5883.967742919922,2350,1,0.7875,5883.967742919922,2350,1,0.7875,6864.625900268555,2350,1,0.78125,6864.625900268555,2350,1,0.78125,5547.434127807617,2350,1,0.7875,5547.436096191406,2350,1,0.7875,42692.65556335449,3552,1886,4441,1102,3552,3553,4440,4437,3730,1102,3548,2567,4244,4135,3553,1102,100,0,100,9.523809432983398,100,0,100,100,100,5,100,5,4.761904716491699,100,100,100,13958320128,0,10619224064,0
199,1759422945715,5928.444869995117,3050,1,0.9125,5928.444869995117,3050,1,0.9125,5884.359176635742,3050,1,0.9125,5884.359176635742,3050,1,0.9125,6864.96955871582,3050,1,0.9125,6864.96955871582,3050,1,0.9125,5547.863723754883,3050,1,0.9125,5547.863723754883,3050,1,0.9125,42697.57783508301,3552,1886,4441,1102,3552,3553,4440,4437,3730,1102,3548,2567,4244,4135,3553,1102,100,0,100,9.523809432983398,100,0,100,100,100,5,100,5,4.761904716491699,100,100,100,13958320128,0,10627715072,0
199,1759422945915,5928.731155395508,2480,1,0.80625,5928.731155395508,2480,1,0.80625,5884.575759887695,3025,1,0.8125,5884.575759887695,3025,1,0.9125,6865.256866455078,3025,1,0.90625,6865.256866455078,3025,1,0.90625,5548.11994934082,2420,1,0.8,5548.11994934082,2420,1,0.8,42702.57061767578,3552,1886,4441,1102,3552,3553,4440,4437,3730,1102,3548,2567,4244,4135,3553,1102,72.5,23.076923370361328,100,2.6315789222717285,100,2.5641026496887207,89.74359130859375,100,92.5,2.5641026496887207,57.5,38.46154022216797,2.5641026496887207,92.5,87.80487823486328,97.5,13958320128,0,10627543040,0
199,1759422946115,5928.812255859375,3300,0,0.9625,5928.812255859375,3300,0,0.9625,5884.628799438477,3300,0,0.96875,5884.628799438477,3300,0,0.96875,6866.065643310547,3300,0,0.9625,6866.065643310547,3300,0,0.9625,5548.160720825195,3300,0,0.96875,5548.160720825195,3300,0,0.96875,42707.55213928223,3552,1886,4441,1102,3552,3553,4440,4437,3730,1102,3548,2567,4244,4135,3553,1102,5,5,100,0,90.47618865966797,5,10,94.73684692382813,5,4.761904716491699,100,9.523809432983398,5,0,5,0,13958320128,0,10438098944,0
199,1759422946316,5929.293304443359,2425,1,0.8,5929.295471191406,2425,1,0.8,5885.104629516602,2425,1,0.8,5885.104629516602,2500,1,0.8125,6866.55534362793,2500,1,0.80625,6866.55534362793,2500,1,0.80625,5548.618453979492,2500,1,0.8125,5548.618453979492,2500,1,0.8125,42712.5977935791,3552,1886,4441,1102,3552,3553,4440,4437,3730,1102,3548,2567,4244,4135,3553,1102,100,100,100,30.000001907348633,100,9.523809432983398,5.263157844543457,100,100,5,100,100,100,9.523809432983398,100,25,13958320128,0,10437959680,0
199,1759422946516,5930.131973266602,3275,0,0.95625,5930.136962890625,3275,0,0.95625,5885.404327392578,3275,0,0.9625,5885.404327392578,3275,0,0.9625,6867.394607543945,3175,0,0.9625,6867.394607543945,3175,1,0.9375,5548.925582885742,3175,1,0.9375,5548.925582885742,3175,1,0.9375,42717.53617858887,3552,1886,4441,1102,3552,3553,4440,4437,3730,1102,3548,2567,4244,4135,3553,1102,100,100,100,30.000001907348633,100,9.523809432983398,5.263157844543457,100,100,5,100,100,100,9.523809432983398,100,25,13958320128,0,10437959680,0
199,1759422946716,5930.644470214844,2400,1,0.79375,5930.644470214844,2400,1,0.79375,5885.767532348633,2400,1,0.79375,5885.767532348633,2400,1,0.79375,6867.923080444336,2400,1,0.7875,6867.923080444336,2400,1,0.7875,5549.350234985352,2400,1,0.79375,5549.3524169921875,2400,1,0.79375,42722.60009765625,3552,1886,4441,1102,3552,3553,4440,4437,3730,1102,3548,2567,4244,4135,3553,1102,58.536582946777344,100,100,85.36585235595703,97.5,0,41.46341323852539,95.1219482421875,97.5,2.6315789222717285,60.000003814697266,100,100,2.5,100,15.384615898132324,13958320128,0,10390429696,0
199,1759422946916,5931.013122558594,3050,1,0.9125,5931.013122558594,3050,1,0.9125,5886.140914916992,3050,1,0.9125,5886.140914916992,3050,1,0.9125,6868.286361694336,3050,1,0.9125,6868.286361694336,3050,1,0.9125,5549.714401245117,3050,1,0.9125,5549.714401245117,3050,1,0.9125,42727.51513671875,3552,1886,4441,1102,3552,3553,4440,4437,3730,1102,3548,2567,4244,4135,3553,1102,58.536582946777344,100,100,85.36585235595703,97.5,0,41.46341323852539,95.1219482421875,97.5,2.6315789222717285,60.000003814697266,100,100,2.5,100,15.384615898132324,13958320128,0,10394062848,0
199,1759422947116,5931.385223388672,2400,1,0.79375,5931.385223388672,2400,1,0.79375,5886.513214111328,2400,1,0.79375,5886.513214111328,2400,1,0.79375,6868.654083251953,2400,1,0.7875,6868.654083251953,2400,1,0.7875,5550.082473754883,2400,1,0.79375,5550.082473754883,2400,1,0.79375,42732.51924133301,3552,1886,4441,1102,3552,3553,4440,4437,3730,1102,3548,2567,4244,4135,3553,1102,31.57894515991211,70,100,100,100,2.5,100,100,100,5,2.5,100,5.128205299377441,97.43589782714844,100,2.5,13958320128,0,10350387200,0
199,1759422947316,5931.834854125977,3700,0,1.0625,5931.834854125977,3700,0,1.0625,5886.96696472168,3675,0,1.05625,5886.96696472168,3675,0,1.05625,6869.104034423828,3675,0,1.0625,6869.104034423828,3675,0,1.0625,5550.534133911133,3675,0,1.0625,5550.534133911133,3675,0,1.0625,42737.51298522949,3552,1886,4441,1102,3552,3553,4440,4437,3730,1102,3548,2567,4244,4135,3553,1102,100,5,100,100,100,0,100,100,100,5.263157844543457,4.761904716491699,100,9.523809432983398,100,100,5,13958320128,0,10694107136,0
199,1759422947516,5932.229598999023,3150,1,0.93125,5932.229598999023,3150,1,0.93125,5887.361083984375,3150,1,0.9375,5887.361083984375,3150,1,0.9375,6869.500564575195,3150,1,0.93125,6869.500564575195,3150,1,0.93125,5550.927963256836,3150,1,0.93125,5550.927963256836,3150,1,0.93125,42742.48097229004,3552,1886,4441,1102,3552,3553,4440,4437,3730,1102,3548,2567,4244,4135,3553,1102,100,5,100,100,100,0,100,100,100,5.263157844543457,4.761904716491699,100,9.523809432983398,100,100,5,13958320128,0,10818719744,0
199,1759422947716,5932.644348144531,3300,0,0.9625,5932.644348144531,3300,0,0.9625,5887.77864074707,3300,0,0.96875,5887.77864074707,3300,0,0.96875,6869.924041748047,3300,0,0.9625,6869.924041748047,3300,0,0.9625,5551.344818115234,3300,0,0.96875,5551.344818115234,3300,0,0.96875,42747.47373962402,3552,1886,4441,1102,3552,3553,4440,4437,3730,1102,3548,2567,4244,4135,3553,1102,100,2.5641026496887207,100,100,100,22.5,100,80,100,2.5641026496887207,2.5641026496887207,100,0,100,100,4.878048419952393,13958320128,0,10766327808,0
199,1759422947916,5933.0433349609375,3375,0,0.9812500000000001,5933.044937133789,3375,0,0.9812500000000001,5888.185699462891,3375,0,0.9875,5888.185699462891,3375,0,0.9875,6870.3287353515625,3375,0,0.9812500000000001,6870.3287353515625,3375,0,0.9812500000000001,5551.745941162109,3375,0,0.9875,5551.745941162109,3375,0,0.9875,42752.4609375,3552,1886,4441,1102,3552,3553,4440,4437,3730,1102,3548,2567,4244,4135,3553,1102,100,5.263157844543457,100,100,100,14.285715103149414,100,90,100,10,70,36.842105865478516,5.263157844543457,100,100,0,13958320128,0,12106653696,0
199,1759422948116,5933.479293823242,2550,1,0.81875,5933.479293823242,2550,1,0.81875,5888.621383666992,2525,1,0.81875,5888.621383666992,2525,1,0.81875,6870.764022827148,2525,1,0.8125,6870.764022827148,2525,1,0.8125,5552.181015014648,2525,1,0.8125,5552.181015014648,2525,1,0.8125,42757.5068359375,3552,1886,4441,1102,3552,3553,4440,4437,3730,1102,3548,2567,4244,4135,3553,1102,100,4.761904716491699,100,100,100,35,100,68.42105102539063,100,9.523809432983398,0,100,4.761904716491699,100,100,0,13958320128,0,11593031680,0
199,1759422948316,5933.940734863281,2575,1,0.825,5933.940734863281,2575,1,0.825,5889.08757019043,2575,1,0.825,5889.090393066406,2575,1,0.825,6871.227233886719,2575,1,0.81875,6871.227233886719,2575,1,0.81875,5552.643569946289,2575,1,0.825,5552.643569946289,2575,1,0.825,42762.50453186035,3552,1886,4441,1102,3552,3553,4440,4437,3730,1102,3548,2567,4244,4135,3553,1102,100,0,100,100,30.000001907348633,73.68421173095703,100,100,100,5.263157844543457,0,100,0,100,78.94737243652344,25,13958320128,0,11960942592,0
199,1759422948516,5934.24772644043,3250,0,0.95,5934.24772644043,3250,0,0.95,5889.40283203125,3250,0,0.95625,5889.40283203125,3250,0,0.95625,6871.535629272461,3250,0,0.95,6871.535629272461,3175,0,0.95,5552.952682495117,3175,1,0.9375,5552.952682495117,3175,1,0.9375,42767.445236206055,3552,1886,4441,1102,3552,3553,4440,4437,3730,1102,3548,2567,4244,4135,3553,1102,100,0,100,100,30.000001907348633,73.68421173095703,100,100,100,5.263157844543457,0,100,0,100,78.94737243652344,25,13958320128,0,12113559552,0
199,1759422948716,5934.628067016602,3550,0,1.025,5934.628067016602,3550,0,1.025,5889.826400756836,3550,0,1.025,5889.826400756836,3550,0,1.025,6871.941940307617,3550,0,1.025,6871.941940307617,3550,0,1.025,5553.264389038086,3550,0,1.03125,5553.264389038086,3550,0,1.03125,42772.402755737305,3552,1886,4441,1102,3552,3553,4440,4437,3730,1102,3548,2567,4244,4135,3553,1102,92.68292999267578,0,58.536582946777344,100,12.820513725280762,85.36585235595703,100,72.5,100,2.5641026496887207,35,87.5,34.14634323120117,58.536582946777344,26.829269409179688,87.80487823486328,13958320128,0,10722144256,0
199,1759422948916,5934.9718017578125,3560,0,1.025,5934.9718017578125,3560,0,1.025,5890.1669921875,4450,0,1.2875,5890.1669921875,4450,0,1.2875,6872.417022705078,3560,0,1.025,6872.417022705078,3560,0,1.025,5553.602752685547,3560,0,1.03125,5553.602752685547,3560,0,1.03125,42777.32695007324,3552,1886,4441,1102,3552,3553,4440,4437,3730,1102,3548,2567,4244,4135,3553,1102,90,4.761904716491699,0,90,90.47618865966797,0,90,100,85,5,85.71428680419922,85.71428680419922,0,84.21052551269531,0,89.47368621826172,13958320128,0,10696540160,0
199,1759422949117,5935.046981811523,3560,0,1.025,5935.046981811523,3560,0,1.025,5890.238739013672,3560,0,1.03125,5890.238739013672,3560,0,1.03125,6872.430877685547,3560,0,1.03125,6872.430877685547,3560,0,1.03125,5553.628921508789,3560,0,1.03125,5553.628921508789,3560,0,1.03125,42781.568099975586,3552,1886,4441,1102,3552,3553,4440,4437,3730,1102,3548,2567,4244,4135,3553,1102,0,0,9.090909004211426,0,0,0,0,100,0,0,0,0,4.761904716491699,0,0,0,13958320128,0,10696540160,0
199,1759422949317,5935.412841796875,3700,0,1.0625,5935.412841796875,3700,0,1.0625,5890.591720581055,3700,0,1.0625,5890.593566894531,3650,0,1.05625,6872.975158691406,3650,0,1.05625,6872.975158691406,3650,0,1.05625,5553.995162963867,3650,0,1.05,5553.995162963867,3650,0,1.05,42786.68809509277,3552,1886,4441,1102,3552,3553,4440,4437,3730,1102,3548,2567,4244,4135,3553,1102,78.94737243652344,5,0,75,75,4.761904716491699,75,100,80,5,76.19047546386719,80,0,80.95238494873047,0,76.19047546386719,13958320128,0,10698199040,0
199,1759422949517,5935.807022094727,3350,0,0.975,5935.807022094727,3350,0,0.975,5890.9869384765625,3350,0,0.9812500000000001,5890.9869384765625,3350,0,0.9812500000000001,6873.590728759766,3350,0,0.975,6873.590728759766,3350,0,0.975,5554.417663574219,2075,1,0.74375,5554.417663574219,2075,1,0.74375,42791.7647857666,3552,1886,4441,1102,3552,3553,4440,4437,3730,1102,3548,2567,4244,4135,3553,1102,95,0,0,95,94.73684692382813,10,95,90.47618865966797,94.73684692382813,5,94.73684692382813,94.73684692382813,10.526315689086914,95,0,100,13958320128,0,10698162176,0
199,1759422949717,5936.198883056641,3375,0,1.01875,5936.198883056641,3375,0,0.9812500000000001,5891.370803833008,3375,0,0.9875,5891.370803833008,3375,0,0.9875,6874.176284790039,3375,0,0.9812500000000001,6874.176284790039,3375,0,0.9812500000000001,5554.800598144531,3375,0,0.9875,5554.800598144531,3375,0,0.9875,42796.7000579834,3552,1886,4441,1102,3552,3553,4440,4437,3730,1102,3548,2567,4244,4135,3553,1102,100,5,14.285715103149414,100,85.71428680419922,15.789472579956055,100,100,85,23.809524536132813,100,100,0,100,10,100,13958320128,0,10737926144,0
199,1759422949917,5936.6002197265625,3575,0,1.03125,5936.6002197265625,3575,0,1.03125,5891.729202270508,3575,0,1.03125,5891.729202270508,3575,0,1.03125,6874.780426025391,3575,0,1.03125,6874.780426025391,3575,0,1.03125,5555.198959350586,3575,0,1.0375,5555.200820922852,3575,0,1.0375,42801.695388793945,3552,1886,4441,1102,3552,3553,4440,4437,3730,1102,3548,2567,4244,4135,3553,1102,100,5,14.285715103149414,100,85.71428680419922,15.789472579956055,100,100,85,23.809524536132813,100,100,0,100,10,100,13958320128,0,10800132096,0
199,1759422950117,5937.026779174805,3600,0,1.0375,5937.026779174805,3600,0,1.0375,5892.136856079102,3600,0,1.0375,5892.136856079102,3600,0,1.0375,6875.222549438477,3600,0,1.0375,6875.222549438477,3600,0,1.0375,5555.625259399414,3600,0,1.0437500000000002,5555.625259399414,3600,0,1.0437500000000002,42806.66368103027,3552,1886,4441,1102,3552,3553,4440,4437,3730,1102,3548,2567,4244,4135,3553,1102,5.128205299377441,95,47.36842346191406,51.219512939453125,2.5,100,52.499996185302734,100,47.5,51.28205490112305,55,100,2.5,100,0,100,13958320128,0,10799984640,0
199,1759422950317,5937.47998046875,2900,1,0.88125,5937.47998046875,2900,1,0.88125,5892.579055786133,2900,1,0.8875,5892.579055786133,2900,1,0.8875,6875.678970336914,2900,1,0.88125,6875.678970336914,2900,1,0.88125,5556.078308105469,2900,1,0.88125,5556.078308105469,2900,1,0.88125,42811.70280456543,3552,1886,4441,1102,3552,3553,4440,4437,3730,1102,3548,2567,4244,4135,3553,1102,5,100,100,0,0,100,95,9.523809432983398,100,0,5,100,0,100,0,100,13958320128,0,10783801344,0
199,1759422950517,5937.981674194336,3275,0,0.95625,5937.984939575195,3275,0,0.95625,5893.08610534668,3275,0,0.9625,5893.08610534668,2725,0,0.9625,6876.189804077148,2725,1,0.84375,6876.189804077148,2725,1,0.84375,5556.5841064453125,2725,1,0.85,5556.5841064453125,2725,1,0.85,42816.691833496094,3552,1886,4441,1102,3552,3553,4440,4437,3730,1102,3548,2567,4244,4135,3553,1102,0,100,95,5,0,100,100,0,100,4.761904716491699,9.523809432983398,100,4.761904716491699,100,5,100,13958320128,0,10783801344,0
199,1759422950717,5938.3460693359375,3900,0,1.125,5938.3460693359375,3900,0,1.125,5893.609939575195,3900,0,1.13125,5893.609939575195,3900,0,1.13125,6876.559158325195,3900,0,1.13125,6876.559158325195,3900,0,1.13125,5556.946258544922,3900,0,1.13125,5556.946258544922,3900,0,1.13125,42821.633041381836,3552,1886,4441,1102,3552,3553,4440,4437,3730,1102,3548,2567,4244,4135,3553,1102,0,100,0,100,100,100,100,0,100,100,0,100,5,100,0,100,13958320128,0,10869682176,0
199,1759422950917,5938.677047729492,2575,1,0.825,5938.677047729492,2575,1,0.825,5894.212890625,2575,1,0.825,5894.212890625,2575,1,0.825,6876.9024658203125,2575,1,0.81875,6876.9024658203125,2575,1,0.81875,5557.241592407227,2600,1,0.825,5557.241592407227,2600,1,0.825,42826.56066894531,3552,1886,4441,1102,3552,3553,4440,4437,3730,1102,3548,2567,4244,4135,3553,1102,70,5,5,71.42857360839844,30.000001907348633,71.42857360839844,95,35,80,75,5,71.42857360839844,42.105262756347656,25,31.57894515991211,71.42857360839844,13958320128,0,10699042816,0
199,1759422951118,5939.082626342773,3800,0,1.0875,5939.082626342773,3800,0,1.0875,5894.925094604492,3800,0,1.09375,5894.925094604492,3800,0,1.09375,6877.306900024414,3800,0,1.09375,6877.306900024414,3800,0,1.09375,5557.643127441406,3750,0,1.08125,5557.643127441406,3750,0,1.08125,42831.53839111328,3552,1886,4441,1102,3552,3553,4440,4437,3730,1102,3548,2567,4244,4135,3553,1102,100,0,5,100,5,100,100,100,100,100,0,100,100,4.761904716491699,25,100,13958320128,0,10976358400,0
199,1759422951317,5939.499710083008,3575,0,1.03125,5939.499710083008,3575,0,1.03125,5895.670028686523,3575,0,1.03125,5895.670028686523,3575,0,1.03125,6877.724502563477,3575,0,1.03125,6877.724502563477,3575,0,1.03125,5558.05403137207,3575,0,1.0375,5558.05403137207,3575,0,1.0375,42836.48718261719,3552,1886,4441,1102,3552,3553,4440,4437,3730,1102,3548,2567,4244,4135,3553,1102,100,0,5,100,5,100,100,100,100,100,0,100,100,4.761904716491699,25,100,13958320128,0,10835222528,0
199,1759422951518,5939.912460327148,3150,1,0.93125,5939.912460327148,3150,1,0.93125,5896.412734985352,3150,1,0.9375,5896.412734985352,3150,1,0.9375,6878.13557434082,3150,1,0.93125,6878.13557434082,3150,1,0.93125,5558.460601806641,3150,1,0.93125,5558.460601806641,2950,1,0.89375,42841.53532409668,3552,1886,4441,1102,3552,3553,4440,4437,3730,1102,3548,2567,4244,4135,3553,1102,100,5,5,100,2.5641026496887207,100,100,95,100,100,7.317072868347168,100,100,0,12.820513725280762,100,13958320128,0,10883420160,0
199,1759422951718,5940.321350097656,2450,1,0.8,5940.321350097656,2450,1,0.8,5897.113128662109,2450,1,0.80625,5897.116073608398,2450,1,0.80625,6878.542831420898,2450,1,0.8,6878.542831420898,2450,1,0.8,5558.867401123047,2450,1,0.8,5558.867401123047,2450,1,0.8,42846.54441833496,3552,1886,4441,1102,3552,3553,4440,4437,3730,1102,3548,2567,4244,4135,3553,1102,100,0,5,100,0,100,100,95,100,100,0,100,100,5,18.18181800842285,100,13958320128,0,11007229952,0
199,1759422951918,5940.726181030273,2500,1,0.8125,5940.726181030273,2500,1,0.8125,5897.860977172852,2500,1,0.8125,5897.860977172852,2500,1,0.8125,6878.945022583008,2500,1,0.80625,6878.945022583008,2500,1,0.80625,5559.2659912109375,2500,1,0.8125,5559.26872253418,2500,1,0.8125,42851.54579162598,3552,1886,4441,1102,3552,3553,4440,4437,3730,1102,3548,2567,4244,4135,3553,1102,100,5,0,100,9.523809432983398,100,100,95,100,100,5,100,100,9.523809432983398,15.789472579956055,100,13958320128,0,10900230144,0
199,1759422952118,5941.119171142578,3450,0,1,5941.119171142578,3450,0,1,5898.528411865234,3450,0,1,5898.528411865234,3450,0,1,6879.336288452148,3450,0,1,6879.336288452148,3450,0,1,5559.65478515625,2950,0,0.89375,5559.65478515625,2950,1,0.89375,42856.489028930664,3552,1886,4441,1102,3552,3553,4440,4437,3730,1102,3548,2567,4244,4135,3553,1102,100,5,0,100,9.523809432983398,100,100,95,100,100,5,100,100,9.523809432983398,15.789472579956055,100,13958320128,0,11110039552,0
199,1759422952318,5941.524566650391,2350,1,0.7875,5941.524566650391,2350,1,0.7875,5899.0172119140625,2350,1,0.7875,5899.0172119140625,2400,1,0.7875,6879.739990234375,2400,1,0.7875,6879.739990234375,2400,1,0.7875,5560.046539306641,2400,1,0.79375,5560.046539306641,2400,1,0.79375,42861.52844238281,3552,1886,4441,1102,3552,3553,4440,4437,3730,1102,3548,2567,4244,4135,3553,1102,100,2.5641026496887207,4.878048419952393,100,0,100,100,95,100,100,5.128205299377441,100,100,2.5641026496887207,17.5,100,13958320128,0,10912292864,0
199,1759422952518,5941.92854309082,2350,1,0.7875,5941.92854309082,2350,1,0.7875,5899.497253417969,2350,1,0.7875,5899.497253417969,2350,1,0.7875,6880.142227172852,2350,1,0.78125,6880.142227172852,2350,1,0.78125,5560.431823730469,2350,1,0.7875,5560.431823730469,2350,1,0.7875,42866.52836608887,3552,1886,4441,1102,3552,3553,4440,4437,3730,1102,3548,2567,4244,4135,3553,1102,100,0,0,100,0,100,100,100,100,100,0,100,100,5,5.263157844543457,100,13958320128,0,10912292864,0
199,1759422952718,5942.3441162109375,2350,1,0.7875,5942.3441162109375,2375,1,0.7875,5899.992980957031,2375,1,0.79375,5899.992980957031,2375,1,0.79375,6880.550720214844,2375,1,0.7875,6880.550720214844,2375,1,0.7875,5560.824691772461,2375,1,0.79375,5560.824691772461,2375,1,0.79375,42871.50141906738,3552,1886,4441,1102,3552,3553,4440,4437,3730,1102,3548,2567,4244,4135,3553,1102,100,5,0,100,4.761904716491699,100,100,100,100,100,9.523809432983398,100,100,5,10,100,13958320128,0,10912919552,0
199,1759422952918,5942.743423461914,2325,1,0.78125,5942.745407104492,2325,1,0.78125,5900.472595214844,2425,1,0.8,5900.472595214844,2425,1,0.8,6880.949508666992,2425,1,0.79375,6880.949508666992,2425,1,0.79375,5561.20768737793,2425,1,0.8,5561.20768737793,2425,1,0.8,42876.4991607666,3552,1886,4441,1102,3552,3553,4440,4437,3730,1102,3548,2567,4244,4135,3553,1102,100,5,9.090909004211426,100,5,100,100,100,100,100,0,100,100,0,0,100,13958320128,0,10918453248,0
199,1759422953118,5943.150466918945,2525,1,0.8125,5943.150466918945,2525,1,0.8125,5900.961044311523,2525,1,0.81875,5900.961044311523,2525,1,0.81875,6881.357452392578,2525,1,0.8125,6881.357452392578,2375,1,0.7875,5561.596771240234,2375,1,0.7875,5561.596771240234,2375,1,0.7875,42881.49531555176,3552,1886,4441,1102,3552,3553,4440,4437,3730,1102,3548,2567,4244,4135,3553,1102,100,0,0,100,0,100,100,100,100,100,9.523809432983398,100,100,4.761904716491699,10,100,13958320128,0,10934378496,0
199,1759422953318,5943.430587768555,3100,1,0.91875,5943.430587768555,3100,1,0.91875,5901.751327514648,3100,1,0.925,5901.751327514648,3100,1,0.925,6881.640213012695,3100,1,0.91875,6881.641448974609,3100,1,0.91875,5561.888610839844,3100,1,0.925,5561.888610839844,3100,1,0.925,42886.43670654297,3552,1886,4441,1102,3552,3553,4440,4437,3730,1102,3548,2567,4244,4135,3553,1102,100,0,0,100,0,100,100,100,100,100,9.523809432983398,100,100,4.761904716491699,10,100,13958320128,0,10934120448,0
199,1759422953518,5943.634826660156,2420,1,0.8,5943.634826660156,2420,1,0.8,5902.217147827148,2420,1,0.8,5902.217147827148,2420,1,0.8,6882.158279418945,3025,1,0.90625,6882.158279418945,3050,1,0.9125,5562.118270874023,2440,1,0.8,5562.118270874023,2440,1,0.8,42891.43586730957,3552,1886,4441,1102,3552,3553,4440,4437,3730,1102,3548,2567,4244,4135,3553,1102,71.79487609863281,5,25,72.5,28.205129623413086,72.5,60.97561264038086,100,67.5,78.04877471923828,28.205129623413086,63.414634704589844,68.29268646240234,7.500000476837158,5,69.23077392578125,13958320128,0,10934980608,0
199,1759422953719,5943.930252075195,2500,1,0.8125,5943.930252075195,2500,1,0.8125,5902.492523193359,2500,1,0.8125,5902.494781494141,2500,1,0.8125,6882.794998168945,2500,1,0.80625,6882.794998168945,2525,1,0.8125,5562.379730224609,2525,1,0.8125,5562.379730224609,2525,1,0.8125,42896.46194458008,3552,1886,4441,1102,3552,3553,4440,4437,3730,1102,3548,2567,4244,4135,3553,1102,55,0,55,55,100,55,0,100,55,0,100,57.894737243652344,52.6315803527832,0,5,60.000003814697266,13958320128,0,10797461504,0
199,1759422953919,5944.30500793457,3275,0,0.95625,5944.30500793457,3275,0,0.95625,5902.892318725586,3275,0,0.9625,5902.892318725586,3275,0,0.9625,6883.458557128906,3275,0,0.95625,6883.463516235352,3275,0,0.95625,5562.785339355469,3275,0,0.9625,5562.785339355469,3200,0,0.9625,42901.400131225586,3552,1886,4441,1102,3552,3553,4440,4437,3730,1102,3548,2567,4244,4135,3553,1102,55,0,55,55,100,55,0,100,55,0,100,57.894737243652344,52.6315803527832,0,5,60.000003814697266,13958320128,0,10794700800,0
199,1759422954119,5944.785217285156,3125,1,0.925,5944.785217285156,3125,1,0.925,5903.2210693359375,3125,1,0.93125,5903.2210693359375,3125,1,0.93125,6884.315124511719,3125,1,0.925,6884.315124511719,3125,1,0.925,5563.127822875977,3125,1,0.93125,5563.127822875977,3125,1,0.93125,42906.382232666016,3552,1886,4441,1102,3552,3553,4440,4437,3730,1102,3548,2567,4244,4135,3553,1102,95.1219482421875,22.5,5.128205299377441,97.56097412109375,80,100,10,90,100,2.5641026496887207,92.5,100,97.56097412109375,0,5,95,13958320128,0,10742620160,0
199,1759422954319,5945.392349243164,2375,1,0.7875,5945.392349243164,2375,1,0.7875,5903.648147583008,2375,1,0.79375,5903.648147583008,2350,1,0.79375,6884.940628051758,2350,1,0.78125,6884.940628051758,2350,1,0.78125,5563.552688598633,2350,1,0.7875,5563.552688598633,2350,1,0.7875,42911.440338134766,3552,1886,4441,1102,3552,3553,4440,4437,3730,1102,3548,2567,4244,4135,3553,1102,100,100,52.38095474243164,52.6315803527832,0,100,100,5,100,0,100,100,100,4.761904716491699,0,100,13958320128,0,10763816960,0
199,1759422954519,5946.271102905273,3300,0,0.9625,5946.271102905273,3300,0,0.9625,5903.976089477539,3300,0,0.96875,5903.976089477539,3300,0,0.96875,6885.843032836914,3300,0,0.9625,6885.843032836914,3300,0,0.9625,5563.882339477539,3300,0,0.96875,5563.882339477539,3200,0,0.94375,42916.37518310547,3552,1886,4441,1102,3552,3553,4440,4437,3730,1102,3548,2567,4244,4135,3553,1102,100,100,52.38095474243164,52.6315803527832,0,100,100,5,100,0,100,100,100,4.761904716491699,0,100,13958320128,0,10765217792,0
199,1759422954719,5947.067565917969,3300,0,0.9625,5947.067565917969,3300,0,0.9625,5904.409530639648,3300,0,0.96875,5904.409530639648,3300,0,0.96875,6886.654754638672,3300,0,0.9625,6886.654754638672,3300,0,0.9625,5564.315689086914,3300,0,0.96875,5564.317153930664,3300,0,0.96875,42921.37351989746,3552,1886,4441,1102,3552,3553,4440,4437,3730,1102,3548,2567,4244,4135,3553,1102,100,100,100,4.878048419952393,4.878048419952393,100,100,2.5,100,4.878048419952393,100,100,100,2.5641026496887207,2.5641026496887207,100,13958320128,0,10791759872,0
199,1759422954919,5947.5557861328125,3025,1,0.90625,5947.5557861328125,3025,1,0.90625,5904.90364074707,3025,1,0.9125,5904.90364074707,3025,1,0.9125,6887.243713378906,3025,1,0.90625,6887.243713378906,3025,1,0.90625,5564.773941040039,3025,1,0.90625,5564.773941040039,3025,1,0.90625,42926.36763000488,3552,1886,4441,1102,3552,3553,4440,4437,3730,1102,3548,2567,4244,4135,3553,1102,22.22222328186035,100,100,0,0,100,100,10,100,70,100,100,100,33.333335876464844,0,100,13958320128,0,10849955840,0
199,1759422955119,5947.935119628906,3000,1,0.9,5947.935119628906,3000,1,0.9,5905.55924987793,3000,1,0.90625,5905.55924987793,3000,1,0.90625,6887.939147949219,3000,1,0.9,6887.939147949219,3000,1,0.9,5565.211090087891,3000,1,0.90625,5565.211090087891,3000,1,0.90625,42931.32954406738,3552,1886,4441,1102,3552,3553,4440,4437,3730,1102,3548,2567,4244,4135,3553,1102,5,100,100,9.523809432983398,9.523809432983398,100,100,0,100,78.94737243652344,100,100,100,26.3157901763916,21.052631378173828,100,13958320128,0,11000655872,0
199,1759422955319,5948.335205078125,3500,0,1.01875,5948.335205078125,3500,0,1.0125000000000002,5906.085403442383,3500,0,1.01875,5906.085403442383,3500,0,1.01875,6888.488723754883,3500,0,1.0125000000000002,6888.488723754883,3500,0,1.0125000000000002,5565.605224609375,3500,0,1.0125000000000002,5565.605224609375,3500,0,1.0125000000000002,42936.32540893555,3552,1886,4441,1102,3552,3553,4440,4437,3730,1102,3548,2567,4244,4135,3553,1102,9.523809432983398,100,100,0,5.263157844543457,100,100,14.285715103149414,100,90,100,100,100,10,19.047618865966797,100,13958320128,0,11936870400,0
199,1759422955519,5948.758377075195,2525,1,0.8125,5948.758377075195,2525,1,0.8125,5906.610595703125,2525,1,0.81875,5906.610595703125,2525,1,0.81875,6889.082702636719,2525,1,0.8125,6889.082702636719,2525,1,0.8125,5566.029190063477,2525,1,0.8125,5566.029190063477,2525,1,0.8125,42941.37275695801,3552,1886,4441,1102,3552,3553,4440,4437,3730,1102,3548,2567,4244,4135,3553,1102,9.523809432983398,100,100,0,5.263157844543457,100,100,14.285715103149414,100,90,100,100,100,10,19.047618865966797,100,13958320128,0,11584921600,0
199,1759422955719,5949.226287841797,2550,1,0.81875,5949.226287841797,2550,1,0.81875,5907.214401245117,2550,1,0.81875,5907.214401245117,2550,1,0.81875,6889.677032470703,2550,1,0.8125,6889.677032470703,2550,1,0.8125,5566.491348266602,2550,1,0.81875,5566.491348266602,2525,1,0.81875,42946.36965942383,3552,1886,4441,1102,3552,3553,4440,4437,3730,1102,3548,2567,4244,4135,3553,1102,2.5641026496887207,100,100,2.5,2.5641026496887207,100,100,0,100,82.92682647705078,100,100,100,2.5,20,100,13958320128,0,11940274176,0
199,1759422955919,5949.560546875,3275,0,0.95625,5949.560546875,3275,0,0.95625,5908.171676635742,3275,0,0.9625,5908.171676635742,3275,0,0.9625,6890.637313842773,3275,0,0.95625,6890.637313842773,3275,0,0.95625,5566.817352294922,3275,0,0.9625,5566.817352294922,3275,0,0.9625,42951.31106567383,3552,1886,4441,1102,3552,3553,4440,4437,3730,1102,3548,2567,4244,4135,3553,1102,2.5641026496887207,100,100,2.5,2.5641026496887207,100,100,0,100,82.92682647705078,100,100,100,2.5,20,100,13958320128,0,12149559296,0
199,1759422956119,5949.92155456543,3450,0,1,5949.92155456543,3450,0,1,5908.7298583984375,3450,0,1.00625,5908.7298583984375,3450,0,1.00625,6891.307189941406,3450,0,1,6891.307189941406,3450,0,1,5567.240509033203,3450,0,1.00625,5567.240509033203,3450,0,1.00625,42956.26948547363,3552,1886,4441,1102,3552,3553,4440,4437,3730,1102,3548,2567,4244,4135,3553,1102,0,100,100,2.5641026496887207,34.14634323120117,100,100,4.878048419952393,84.61538696289063,79.4871826171875,100,100,100,2.5,17.5,100,13958320128,0,10712584192,0
199,1759422956319,5950.105941772461,3560,0,1.025,5950.105941772461,3560,0,1.025,5909.082580566406,3560,0,1.03125,5909.082580566406,3560,0,1.03125,6891.5340576171875,3560,0,1.025,6891.5340576171875,3560,0,1.025,5567.429458618164,3560,0,1.03125,5567.429458618164,3560,0,1.03125,42960.766525268555,3552,1886,4441,1102,3552,3553,4440,4437,3730,1102,3548,2567,4244,4135,3553,1102,9.523809432983398,42.85714340209961,42.85714340209961,5,0,42.85714340209961,95.23809814453125,0,42.85714340209961,42.85714340209961,42.105262756347656,42.85714340209961,42.105262756347656,0,5,42.105262756347656,13958320128,0,10713346048,0
199,1759422956520,5950.128082275391,3560,0,1.025,5950.128082275391,3560,0,1.025,5909.105056762695,3560,0,1.03125,5909.105056762695,3560,0,1.03125,6891.69255065918,3560,0,1.03125,6891.69255065918,3560,0,1.03125,5567.480041503906,3560,0,1.03125,5567.480041503906,3560,0,1.03125,42964.786712646484,3552,1886,4441,1102,3552,3553,4440,4437,3730,1102,3548,2567,4244,4135,3553,1102,4.761904716491699,0,0,0,0,0,95,0,0,0,9.523809432983398,0,0,0,4.761904716491699,0,13958320128,0,10713346048,0
199,1759422956720,5950.150985717773,3560,0,1.025,5950.150985717773,3560,0,1.025,5909.116012573242,3560,0,1.03125,5909.116012573242,3560,0,1.03125,6891.711822509766,3560,0,1.025,6891.711822509766,3560,0,1.025,5567.5447998046875,3560,0,1.03125,5567.5447998046875,3560,0,1.03125,42968.869400024414,3552,1886,4441,1102,3552,3553,4440,4437,3730,1102,3548,2567,4244,4135,3553,1102,0,0,0,5,0,0,40,63.15789031982422,0,0,0,0,4.761904716491699,0,0,0,13958320128,0,10713346048,0
199,1759422956920,5950.548614501953,2350,1,0.7875,5950.548614501953,2350,1,0.7875,5909.500549316406,2350,1,0.7875,5909.500549316406,2350,1,0.7875,6892.358383178711,2350,1,0.78125,6892.36116027832,2350,1,0.78125,5567.950408935547,2350,1,0.7875,5567.950408935547,2500,1,0.8125,42974.0901184082,3552,1886,4441,1102,3552,3553,4440,4437,3730,1102,3548,2567,4244,4135,3553,1102,0,84.21052551269531,80.95238494873047,5,5,84.21052551269531,80,100,80,0,80.95238494873047,85,80,9.523809432983398,80,5,13958320128,0,10689134592,0
199,1759422957120,5950.936599731445,3150,1,0.93125,5950.936599731445,3175,1,0.9375,5909.877731323242,3175,1,0.9375,5909.877731323242,3175,1,0.9375,6892.964065551758,3175,1,0.9375,6892.964065551758,3175,1,0.9375,5568.3271484375,3175,1,0.9375,5568.3271484375,3175,1,0.9375,42979.045959472656,3552,1886,4441,1102,3552,3553,4440,4437,3730,1102,3548,2567,4244,4135,3553,1102,14.285715103149414,100,100,5.263157844543457,5.263157844543457,100,100,100,100,0,100,100,100,0,100,10,13958320128,0,10689134592,0
199,1759422957320,5951.338043212891,2850,1,0.875,5951.338043212891,2850,1,0.875,5910.265640258789,2850,1,0.875,5910.2674560546875,2750,1,0.85625,6893.600250244141,2750,1,0.85,6893.600250244141,2750,1,0.85,5568.716842651367,2750,1,0.85625,5568.716842651367,2750,1,0.85625,42984.052673339844,3552,1886,4441,1102,3552,3553,4440,4437,3730,1102,3548,2567,4244,4135,3553,1102,14.285715103149414,100,100,5.263157844543457,5.263157844543457,100,100,100,100,0,100,100,100,0,100,10,13958320128,0,10689134592,0
199,1759422957520,5951.727142333984,3650,0,1.05,5951.727142333984,3350,0,1.05,5910.650604248047,3350,0,0.9812500000000001,5910.650604248047,3350,0,0.9812500000000001,6894.1771240234375,3350,0,0.975,6894.1771240234375,3350,0,0.975,5569.102569580078,3350,0,0.9812500000000001,5569.102569580078,3350,0,0.9812500000000001,42988.99919128418,3552,1886,4441,1102,3552,3553,4440,4437,3730,1102,3548,2567,4244,4135,3553,1102,7.500000476837158,100,100,2.5641026496887207,5,100,100,100,100,5,100,100,100,2.5641026496887207,100,7.692307949066162,13958320128,0,10814054400,0
199,1759422957720,5952.051345825195,3650,0,1.05,5952.051345825195,3650,0,1.05,5911.04914855957,3650,0,1.05,5911.05110168457,3650,0,1.05,6894.792129516602,3650,0,1.05,6894.792129516602,3650,0,1.05,5569.503555297852,3650,0,1.05625,5569.503555297852,3600,0,1.05625,42993.99208068848,3552,1886,4441,1102,3552,3553,4440,4437,3730,1102,3548,2567,4244,4135,3553,1102,5.263157844543457,80,100,4.761904716491699,0,100,85.71428680419922,100,100,0,95,100,88.8888931274414,15.000000953674316,100,4.761904716491699,13958320128,0,10863902720,0
199,1759422957920,5952.485275268555,2875,1,0.875,5952.485275268555,2875,1,0.875,5911.477752685547,2875,1,0.88125,5911.477752685547,2875,1,0.88125,6895.229522705078,2875,1,0.875,6895.229522705078,2875,1,0.875,5569.929672241211,2875,1,0.875,5569.929672241211,2875,1,0.875,42999.024002075195,3552,1886,4441,1102,3552,3553,4440,4437,3730,1102,3548,2567,4244,4135,3553,1102,100,0,100,0,0,100,0,100,100,0,0,100,0,100,100,0,13958320128,0,10845270016,0
199,1759422958120,5952.979461669922,3375,0,0.9812500000000001,5952.979461669922,3375,0,0.9812500000000001,5911.971939086914,3375,0,0.9875,5911.971939086914,3375,0,0.9875,6895.719680786133,3375,0,0.9812500000000001,6895.719680786133,3375,0,0.9812500000000001,5570.417190551758,3375,0,0.9875,5570.417190551758,3375,0,0.9875,43003.99662780762,3552,1886,4441,1102,3552,3553,4440,4437,3730,1102,3548,2567,4244,4135,3553,1102,100,9.523809432983398,100,0,0,100,5,100,100,5,0,100,4.761904716491699,100,100,4.761904716491699,13958320128,0,10841653248,0
199,1759422958320,5953.500396728516,3625,0,1.0437500000000002,5953.503204345703,3625,0,1.0437500000000002,5912.374572753906,3625,0,1.0437500000000002,5912.374572753906,3625,0,1.0437500000000002,6896.115982055664,3500,0,1.0437500000000002,6896.115982055664,3500,0,1.0125000000000002,5570.937911987305,3500,0,1.0125000000000002,5570.937911987305,3500,0,1.0125000000000002,43008.97686767578,3552,1886,4441,1102,3552,3553,4440,4437,3730,1102,3548,2567,4244,4135,3553,1102,100,9.523809432983398,100,0,0,100,5,100,100,5,0,100,4.761904716491699,100,100,4.761904716491699,13958320128,0,10998394880,0
199,1759422958520,5953.842590332031,3400,0,0.9875,5953.842590332031,3400,0,0.9875,5912.675933837891,3400,0,0.99375,5912.675933837891,3400,0,0.99375,6896.496490478516,3400,0,0.9875,6896.496490478516,3400,0,0.9875,5571.288360595703,3400,0,0.9875,5571.288360595703,3400,0,0.9875,43013.733795166016,3552,1886,4441,1102,3552,3553,4440,4437,3730,1102,3548,2567,4244,4135,3553,1102,50,47.36842346191406,71.42857360839844,5,47.619049072265625,70,94.73684692382813,15.000000953674316,72.22222137451172,5,35,71.42857360839844,31.57894515991211,70,71.42857360839844,5,13958320128,0,11179851776,0
199,1759422958721,5954.251022338867,3350,0,0.975,5954.251022338867,3350,0,0.975,5913.083145141602,3350,0,0.9812500000000001,5913.083145141602,3350,0,0.9812500000000001,6896.895935058594,3350,0,0.975,6896.895935058594,3350,0,0.975,5571.741516113281,3350,0,0.9812500000000001,5571.743057250977,3350,0,0.9812500000000001,43018.7332611084,3552,1886,4441,1102,3552,3553,4440,4437,3730,1102,3548,2567,4244,4135,3553,1102,100,5,100,5,100,100,100,90,100,0,0,100,27.272727966308594,100,100,0,13958320128,0,11202912256,0
199,1759422958920,5954.659088134766,3625,0,1.0437500000000002,5954.6610107421875,3625,0,1.0437500000000002,5913.493591308594,3625,0,1.0437500000000002,5913.493591308594,3625,0,1.0437500000000002,6897.301971435547,3500,0,1.05,6897.301971435547,3500,0,1.0125000000000002,5572.219161987305,3500,0,1.01875,5572.219161987305,3500,0,1.01875,43023.707931518555,3552,1886,4441,1102,3552,3553,4440,4437,3730,1102,3548,2567,4244,4135,3553,1102,100,5,100,5,100,100,100,90,100,0,0,100,27.272727966308594,100,100,0,13958320128,0,10994192384,0
199,1759422959121,5955.067932128906,3550,0,1.025,5955.067932128906,3550,0,1.025,5913.89631652832,3550,0,1.025,5913.89631652832,3550,0,1.025,6897.705215454102,3550,0,1.025,6897.70703125,3550,0,1.025,5572.659149169922,3550,0,1.025,5572.659149169922,3550,0,1.025,43028.715728759766,3552,1886,4441,1102,3552,3553,4440,4437,3730,1102,3548,2567,4244,4135,3553,1102,100,7.500000476837158,100,2.5641026496887207,100,100,100,92.5,100,7.317072868347168,5,100,25.641027450561523,100,100,4.878048419952393,13958320128,0,10966769664,0
199,1759422959321,5955.480484008789,2550,1,0.81875,5955.480484008789,2525,1,0.8125,5914.305404663086,2525,1,0.81875,5914.305404663086,2525,1,0.81875,6898.11457824707,2525,1,0.8125,6898.11457824707,2525,1,0.8125,5573.081115722656,2525,1,0.8125,5573.081115722656,2525,1,0.8125,43033.73132324219,3552,1886,4441,1102,3552,3553,4440,4437,3730,1102,3548,2567,4244,4135,3553,1102,100,0,100,0,100,100,100,95.23809814453125,100,0,4.761904716491699,100,10,100,100,0,13958320128,0,11052843008,0
199,1759422959521,5955.889465332031,2425,1,0.8,5955.889465332031,2425,1,0.8,5914.709060668945,2425,1,0.8,5914.711807250977,2425,1,0.8,6898.519058227539,2425,1,0.79375,6898.519058227539,2475,1,0.8,5573.519866943359,2475,1,0.80625,5573.519866943359,2475,1,0.80625,43038.740814208984,3552,1886,4441,1102,3552,3553,4440,4437,3730,1102,3548,2567,4244,4135,3553,1102,100,10,100,4.761904716491699,100,100,95.23809814453125,100,100,0,0,100,15.789472579956055,100,100,4.761904716491699,13958320128,0,11002634240,0
199,1759422959721,5956.288101196289,3500,0,1.0125000000000002,5956.288101196289,3500,0,1.0125000000000002,5915.097869873047,3500,0,1.0125000000000002,5915.097869873047,3500,0,1.0125000000000002,6898.906707763672,3500,0,1.0125000000000002,6898.906707763672,3500,0,1.0125000000000002,5573.937973022461,3500,0,1.0125000000000002,5573.939666748047,3500,0,1.0125000000000002,43043.69511413574,3552,1886,4441,1102,3552,3553,4440,4437,3730,1102,3548,2567,4244,4135,3553,1102,100,5.263157844543457,100,5,100,100,94.73684692382813,100,100,5,5,100,15.000000953674316,100,100,0,13958320128,0,11165618176,0
199,1759422959921,5956.709533691406,2300,1,0.775,5956.709533691406,2300,1,0.775,5915.515609741211,2400,1,0.79375,5915.515609741211,2400,1,0.79375,6899.320770263672,2400,1,0.7875,6899.320770263672,2400,1,0.7875,5574.389862060547,2400,1,0.79375,5574.389862060547,2400,1,0.79375,43048.72792053223,3552,1886,4441,1102,3552,3553,4440,4437,3730,1102,3548,2567,4244,4135,3553,1102,100,5.263157844543457,100,5,100,100,94.73684692382813,100,100,5,5,100,15.000000953674316,100,100,0,13958320128,0,10951684096,0
199,1759422960121,5957.109832763672,2400,1,0.79375,5957.112274169922,2400,1,0.79375,5915.918441772461,2400,1,0.79375,5915.918441772461,2350,1,0.7875,6899.716705322266,2350,1,0.78125,6899.716705322266,2350,1,0.78125,5574.786468505859,2350,1,0.7875,5574.786468505859,2350,1,0.7875,43053.72834777832,3552,1886,4441,1102,3552,3553,4440,4437,3730,1102,3548,2567,4244,4135,3553,1102,100,2.5641026496887207,100,2.6315789222717285,100,100,92.5,100,100,2.6315789222717285,0,100,10,100,100,4.878048419952393,13958320128,0,10959904768,0
199,1759422960321,5957.514053344727,2325,1,0.78125,5957.514053344727,2325,1,0.78125,5916.31803894043,2325,1,0.78125,5916.31803894043,2325,1,0.78125,6900.114883422852,2325,1,0.775,6900.114883422852,2325,1,0.775,5575.178802490234,2400,1,0.79375,5575.178802490234,2400,1,0.79375,43058.725830078125,3552,1886,4441,1102,3552,3553,4440,4437,3730,1102,3548,2567,4244,4135,3553,1102,100,0,100,9.523809432983398,100,100,100,100,100,9.523809432983398,5,100,9.090909004211426,100,100,0,13958320128,0,10975830016,0
199,1759422960521,5957.922821044922,2350,1,0.7875,5957.922821044922,2350,1,0.7875,5916.72395324707,2350,1,0.7875,5916.72395324707,2350,1,0.7875,6900.517654418945,2350,1,0.78125,6900.517654418945,2350,1,0.78125,5575.57600402832,2350,1,0.7875,5575.578048706055,2350,1,0.7875,43063.724700927734,3552,1886,4441,1102,3552,3553,4440,4437,3730,1102,3548,2567,4244,4135,3553,1102,100,9.523809432983398,100,0,100,100,100,100,100,5.263157844543457,0,100,26.3157901763916,75,100,0,13958320128,0,10976124928,0
199,1759422960721,5958.327743530273,2325,1,0.78125,5958.327743530273,2325,1,0.78125,5917.113861083984,2425,1,0.8,5917.113861083984,2425,1,0.8,6900.916717529297,2425,1,0.79375,6900.916717529297,2425,1,0.79375,5575.972305297852,2425,1,0.8,5575.972305297852,2425,1,0.8,43068.6971282959,3552,1886,4441,1102,3552,3553,4440,4437,3730,1102,3548,2567,4244,4135,3553,1102,100,0,100,5,100,100,100,100,100,9.523809432983398,0,100,100,0,100,5,13958320128,0,10983915520,0
199,1759422960921,5958.673126220703,3100,1,0.91875,5958.673126220703,3100,1,0.91875,5917.462387084961,3100,1,0.925,5917.462387084961,3000,1,0.90625,6901.256561279297,3000,1,0.9,6901.256561279297,3000,1,0.9,5576.316802978516,3000,1,0.90625,5576.316802978516,3000,1,0.90625,43073.63928222656,3552,1886,4441,1102,3552,3553,4440,4437,3730,1102,3548,2567,4244,4135,3553,1102,100,0,100,5,100,100,100,100,100,9.523809432983398,0,100,100,0,100,5,13958320128,0,10967089152,0
199,1759422961121,5958.855682373047,2420,1,0.8,5958.855682373047,2420,1,0.8,5917.70539855957,2420,1,0.8,5917.70539855957,2420,1,0.8,6901.648239135742,3025,1,0.90625,6901.648239135742,3025,1,0.90625,5576.518646240234,2400,1,0.8,5576.518646240234,2400,1,0.79375,43078.63633728027,3552,1886,4441,1102,3552,3553,4440,4437,3730,1102,3548,2567,4244,4135,3553,1102,85,4.878048419952393,100,0,82.5,100,85,100,87.80487823486328,5.128205299377441,19.51219367980957,82.92682647705078,85,2.5,87.17948913574219,0,13958320128,0,10958385152,0
199,1759422961322,5959.014495849609,2575,1,0.825,5959.014495849609,2500,1,0.825,5917.866546630859,2500,1,0.8125,5917.866546630859,2500,1,0.8125,6902.360458374023,2500,1,0.80625,6902.360458374023,2500,1,0.80625,5576.5833740234375,2500,1,0.8125,5576.5833740234375,2500,1,0.8125,43083.656158447266,3552,1886,4441,1102,3552,3553,4440,4437,3730,1102,3548,2567,4244,4135,3553,1102,23.809524536132813,25,100,21.052631378173828,0,100,0,100,35,0,100,20,10,0,23.809524536132813,5,13958320128,0,10776215552,0
199,1759422961522,5959.496170043945,2600,1,0.825,5959.496170043945,2600,1,0.825,5918.338729858398,2600,1,0.83125,5918.34162902832,2600,1,0.83125,6902.86164855957,2600,1,0.825,6902.86164855957,2600,1,0.825,5577.058975219727,2675,1,0.8375,5577.058975219727,2675,1,0.8375,43088.65592956543,3552,1886,4441,1102,3552,3553,4440,4437,3730,1102,3548,2567,4244,4135,3553,1102,100,100,85.71428680419922,100,70,35,5,100,100,14.285715103149414,100,100,100,0,100,5,13958320128,0,10779865088,0
199,1759422961722,5960.374099731445,3300,0,0.9625,5960.374099731445,3300,0,0.9625,5918.601135253906,3300,0,0.96875,5918.603851318359,3300,0,0.96875,6903.75732421875,3300,0,0.9625,6903.75732421875,3175,0,0.9625,5577.365493774414,3175,1,0.9375,5577.365493774414,3175,1,0.9375,43093.60009765625,3552,1886,4441,1102,3552,3553,4440,4437,3730,1102,3548,2567,4244,4135,3553,1102,100,100,85.71428680419922,100,70,35,5,100,100,14.285715103149414,100,100,100,0,100,5,13958320128,0,10802909184,0
199,1759422961922,5961.0205078125,2325,1,0.775,5961.023284912109,2325,1,0.775,5918.8389892578125,2325,1,0.7875,5918.8389892578125,2325,1,0.7875,6904.384918212891,2375,1,0.78125,6904.384918212891,2375,1,0.78125,5577.792953491211,2375,1,0.7875,5577.792953491211,2375,1,0.7875,43098.63963317871,3552,1886,4441,1102,3552,3553,4440,4437,3730,1102,3548,2567,4244,4135,3553,1102,97.43589782714844,100,100,48.780487060546875,100,2.5,2.5641026496887207,100,100,2.5641026496887207,100,100,52.499996185302734,55,95,52.499996185302734,13958320128,0,10775494656,0
199,1759422962122,5961.747024536133,2775,1,0.85625,5961.747024536133,2775,1,0.85625,5919.068008422852,2775,1,0.8625,5919.068008422852,2775,1,0.8625,6905.1055908203125,2775,1,0.85625,6905.1055908203125,2775,1,0.85625,5578.101608276367,2775,1,0.8625,5578.101608276367,2775,1,0.8625,43103.592025756836,3552,1886,4441,1102,3552,3553,4440,4437,3730,1102,3548,2567,4244,4135,3553,1102,100,100,100,0,100,5,4.761904716491699,100,100,5,100,100,0,100,100,100,13958320128,0,10817298432,0
199,1759422962322,5962.453155517578,2850,1,0.875,5962.453155517578,2850,1,0.86875,5919.352264404297,2850,1,0.875,5919.352264404297,2850,1,0.875,6905.820053100586,2850,1,0.86875,6905.820053100586,2850,1,0.86875,5578.485397338867,2850,1,0.875,5578.485397338867,2850,1,0.875,43108.57749938965,3552,1886,4441,1102,3552,3553,4440,4437,3730,1102,3548,2567,4244,4135,3553,1102,100,100,100,9.523809432983398,100,0,0,100,100,4.761904716491699,100,100,9.523809432983398,100,100,100,13958320128,0,10796638208,0
199,1759422962522,5963.118453979492,3350,0,0.975,5963.118453979492,3350,0,0.975,5919.679946899414,3350,0,0.9812500000000001,5919.679946899414,3350,0,0.9812500000000001,6906.481491088867,3350,0,0.975,6906.481491088867,3350,0,0.975,5578.906753540039,3350,0,0.9812500000000001,5578.908508300781,3350,0,0.9812500000000001,43113.55142211914,3552,1886,4441,1102,3552,3553,4440,4437,3730,1102,3548,2567,4244,4135,3553,1102,100,100,100,15.000000953674316,100,5,5,100,100,0,90.47618865966797,100,5.263157844543457,100,100,100,13958320128,0,11094659072,0
199,1759422962722,5963.78173828125,3025,1,0.90625,5963.78173828125,3025,1,0.90625,5919.94091796875,3025,1,0.9125,5919.94091796875,3025,1,0.9125,6907.128982543945,3025,1,0.90625,6907.128982543945,3025,1,0.90625,5579.285614013672,3025,1,0.90625,5579.285614013672,3025,1,0.90625,43118.550872802734,3552,1886,4441,1102,3552,3553,4440,4437,3730,1102,3548,2567,4244,4135,3553,1102,100,100,100,15.000000953674316,100,5,5,100,100,0,90.47618865966797,100,5.263157844543457,100,100,100,13958320128,0,11045449728,0
199,1759422962922,5964.332077026367,3525,0,1.01875,5964.332077026367,3525,0,1.01875,5920.273788452148,3525,0,1.01875,5920.273788452148,3525,0,1.01875,6907.666839599609,3525,0,1.01875,6907.666839599609,3525,0,1.01875,5579.698791503906,3525,0,1.01875,5579.700820922852,3525,0,1.01875,43123.55001831055,3552,1886,4441,1102,3552,3553,4440,4437,3730,1102,3548,2567,4244,4135,3553,1102,100,100,66.66667175292969,60.000003814697266,53.84615707397461,47.5,5.128205299377441,100,100,5,90,100,7.500000476837158,100,100,100,13958320128,0,11667587072,0
199,1759422963122,5964.865936279297,3475,0,1.00625,5964.865936279297,3475,0,1.00625,5920.631286621094,3475,0,1.0125000000000002,5920.631286621094,3475,0,1.0125000000000002,6908.147354125977,3475,0,1.00625,6908.147354125977,3475,0,1.00625,5580.075653076172,3475,0,1.0125000000000002,5580.077362060547,3475,0,1.0125000000000002,43128.52471923828,3552,1886,4441,1102,3552,3553,4440,4437,3730,1102,3548,2567,4244,4135,3553,1102,100,100,66.66667175292969,60.000003814697266,53.84615707397461,47.5,5.128205299377441,100,100,5,90,100,7.500000476837158,100,100,100,13958320128,0,11777900544,0
199,1759422963322,5965.476364135742,2550,1,0.81875,5965.476364135742,2550,1,0.81875,5920.858001708984,2550,1,0.825,5920.858001708984,2550,1,0.825,6908.745559692383,2550,1,0.8125,6908.748474121094,2550,1,0.8125,5580.545837402344,2550,1,0.81875,5580.545837402344,2575,1,0.825,43133.56874084473,3552,1886,4441,1102,3552,3553,4440,4437,3730,1102,3548,2567,4244,4135,3553,1102,100,100,27.5,100,5,100,5,100,100,5,77.5,100,7.500000476837158,100,100,100,13958320128,0,11919982592,0
199,1759422963522,5966.136169433594,2950,1,0.8875,5966.136169433594,2975,1,0.89375,5921.099182128906,2975,1,0.9,5921.099182128906,2975,1,0.9,6909.400909423828,2975,1,0.89375,6909.400909423828,2975,1,0.89375,5580.973434448242,2975,1,0.9,5580.973434448242,2975,1,0.9,43138.52284240723,3552,1886,4441,1102,3552,3553,4440,4437,3730,1102,3548,2567,4244,4135,3553,1102,100,100,5,100,4.761904716491699,100,5,100,100,0,100,100,5,100,100,100,13958320128,0,12231532544,0
199,1759422963722,5966.936141967773,3625,0,1.0437500000000002,5966.938034057617,3625,0,1.0437500000000002,5921.4500732421875,3625,0,1.05,5921.4500732421875,3625,0,1.05,6910.204055786133,3525,0,1.01875,6910.204055786133,3525,0,1.01875,5581.319778442383,3525,0,1.01875,5581.319778442383,3525,0,1.01875,43143.4928894043,3552,1886,4441,1102,3552,3553,4440,4437,3730,1102,3548,2567,4244,4135,3553,1102,80,100,15.789472579956055,94.73684692382813,15.789472579956055,94.73684692382813,20,95,100,0,85,100,15.000000953674316,85,60.000003814697266,100,13958320128,0,11913953280,0
199,1759422963922,5967.3134765625,3500,0,1.0125000000000002,5967.3134765625,3500,0,1.0125000000000002,5921.829849243164,3500,0,1.0125000000000002,5921.829849243164,3500,0,1.0125000000000002,6910.59001159668,3500,0,1.0125000000000002,6910.59001159668,3500,0,1.0125000000000002,5581.697952270508,3500,0,1.0125000000000002,5581.697952270508,3500,0,1.0125000000000002,43148.46649169922,3552,1886,4441,1102,3552,3553,4440,4437,3730,1102,3548,2567,4244,4135,3553,1102,80,100,15.789472579956055,94.73684692382813,15.789472579956055,94.73684692382813,20,95,100,0,85,100,15.000000953674316,85,60.000003814697266,100,13958320128,0,10579468288,0
199,1759422964123,5967.385437011719,3560,0,1.025,5967.385787963867,3560,0,1.025,5921.99592590332,3560,0,1.03125,5921.99592590332,3560,0,1.03125,6910.659530639648,3560,0,1.025,6910.659530639648,3560,0,1.025,5581.77619934082,3560,0,1.03125,5581.77619934082,3560,0,1.03125,43152.741958618164,3552,1886,4441,1102,3552,3553,4440,4437,3730,1102,3548,2567,4244,4135,3553,1102,0,52.499996185302734,62.5,52.499996185302734,37.5,52.499996185302734,55,52.499996185302734,55,5,4.878048419952393,51.219512939453125,52.499996185302734,2.4390242099761963,5,50,13958320128,0,10579656704,0
199,1759422964323,5967.636215209961,2700,1,0.84375,5967.636215209961,2700,1,0.84375,5922.250732421875,2700,1,0.85,5922.250732421875,2700,1,0.85,6911.033065795898,2700,1,0.84375,6911.03498840332,2700,1,0.84375,5582.0108642578125,3050,1,0.9125,5582.0108642578125,3050,1,0.9125,43157.50959777832,3552,1886,4441,1102,3552,3553,4440,4437,3730,1102,3548,2567,4244,4135,3553,1102,5,50,0,45,0,45,100,47.619049072265625,50,0,47.36842346191406,47.36842346191406,47.36842346191406,0,4.761904716491699,52.38095474243164,13958320128,0,10579914752,0
199,1759422964523,5968.03303527832,2525,1,0.8125,5968.03303527832,2525,1,0.8125,5922.670150756836,2525,1,0.81875,5922.670150756836,2525,1,0.81875,6911.6318359375,2600,1,0.80625,6911.6318359375,2600,1,0.825,5582.410064697266,2600,1,0.825,5582.410064697266,2600,1,0.825,43162.47146606445,3552,1886,4441,1102,3552,3553,4440,4437,3730,1102,3548,2567,4244,4135,3553,1102,5.263157844543457,100,5,100,9.523809432983398,100,100,100,100,10.526315689086914,100,100,100,9.523809432983398,5,100,13958320128,0,10579914752,0
199,1759422964724,5968.444686889648,3600,0,1.0375,5968.444686889648,3600,0,1.0375,5923.071685791016,3600,0,1.0437500000000002,5923.071685791016,3600,0,1.0437500000000002,6912.193130493164,3600,0,1.0375,6912.193130493164,3600,0,1.0375,5582.815567016602,3600,0,1.0375,5582.81803894043,3600,0,1.0375,43167.46310424805,3552,1886,4441,1102,3552,3553,4440,4437,3730,1102,3548,2567,4244,4135,3553,1102,15.000000953674316,100,5,100,5.263157844543457,100,95.23809814453125,100,100,5.263157844543457,100,100,100,0,0,100,13958320128,0,10722820096,0
199,1759422964924,5968.865859985352,3650,0,1.05,5968.865859985352,3650,0,1.05,5923.490524291992,3650,0,1.05625,5923.490524291992,3650,0,1.05625,6912.718734741211,3650,0,1.05625,6912.7213134765625,3650,0,1.05625,5583.240798950195,3650,0,1.05625,5583.240798950195,3675,0,1.05625,43172.44657897949,3552,1886,4441,1102,3552,3553,4440,4437,3730,1102,3548,2567,4244,4135,3553,1102,15.000000953674316,100,5,100,5.263157844543457,100,95.23809814453125,100,100,5.263157844543457,100,100,100,0,0,100,13958320128,0,10714140672,0
199,1759422965123,5969.288482666016,3125,1,0.925,5969.288482666016,3125,1,0.925,5923.911437988281,3125,1,0.93125,5923.911437988281,3125,1,0.93125,6913.308700561523,3125,1,0.925,6913.308700561523,3125,1,0.925,5583.654510498047,3125,1,0.93125,5583.654510498047,3125,1,0.93125,43177.44194030762,3552,1886,4441,1102,3552,3553,4440,4437,3730,1102,3548,2567,4244,4135,3553,1102,2.702702760696411,100,87.80487823486328,17.948719024658203,7.500000476837158,100,100,100,100,15.000000953674316,100,100,100,2.5641026496887207,7.500000476837158,100,13958320128,0,10959323136,0
199,1759422965323,5969.6834716796875,3525,0,1.01875,5969.6834716796875,3525,0,1.01875,5924.284103393555,3525,0,1.01875,5924.284103393555,3525,0,1.01875,6913.850631713867,3525,0,1.01875,6913.850631713867,3525,0,1.01875,5584.030426025391,3525,0,1.025,5584.030426025391,3525,0,1.025,43182.39416503906,3552,1886,4441,1102,3552,3553,4440,4437,3730,1102,3548,2567,4244,4135,3553,1102,2.702702760696411,100,87.80487823486328,17.948719024658203,7.500000476837158,100,100,100,100,15.000000953674316,100,100,100,2.5641026496887207,7.500000476837158,100,13958320128,0,11060469760,0
199,1759422965523,5970.102127075195,3700,0,1.0625,5970.102127075195,3525,0,1.0625,5924.668365478516,3525,0,1.01875,5924.668365478516,3525,0,1.01875,6914.366363525391,3525,0,1.01875,6914.366363525391,3525,0,1.01875,5584.495880126953,3525,0,1.01875,5584.495880126953,3525,0,1.01875,43187.39929199219,3552,1886,4441,1102,3552,3553,4440,4437,3730,1102,3548,2567,4244,4135,3553,1102,7.500000476837158,100,100,0,77.5,27.5,82.05128479003906,100,100,2.5,82.5,100,100,2.5641026496887207,0,100,13958320128,0,11098054656,0
199,1759422965724,5970.552459716797,2850,1,0.86875,5970.552459716797,2850,1,0.86875,5925.111343383789,2850,1,0.875,5925.111343383789,2850,1,0.875,6914.811065673828,2850,1,0.86875,6914.811065673828,2850,1,0.86875,5585.120315551758,2850,1,0.875,5585.120315551758,2850,1,0.875,43192.44357299805,3552,1886,4441,1102,3552,3553,4440,4437,3730,1102,3548,2567,4244,4135,3553,1102,5,100,100,5,100,0,0,100,100,5,0,100,100,4.761904716491699,5,100,13958320128,0,11098202112,0
199,1759422965924,5971.04524230957,2875,1,0.875,5971.04524230957,2875,1,0.875,5925.595886230469,2875,1,0.88125,5925.595886230469,2875,1,0.88125,6915.304672241211,2875,1,0.875,6915.304672241211,2875,1,0.875,5585.720520019531,3450,0,1,5585.720520019531,3450,0,1,43197.412048339844,3552,1886,4441,1102,3552,3553,4440,4437,3730,1102,3548,2567,4244,4135,3553,1102,5,100,100,5,100,0,0,100,100,5,0,100,100,4.761904716491699,5,100,13958320128,0,11074441216,0
199,1759422966124,5971.418411254883,3525,0,1.01875,5971.418411254883,3525,0,1.01875,5925.96240234375,3525,0,1.01875,5925.96240234375,3525,0,1.01875,6915.82975769043,3525,0,1.01875,6915.82975769043,3525,0,1.01875,5586.348175048828,3525,0,1.01875,5586.348175048828,3525,0,1.01875,43202.366790771484,3552,1886,4441,1102,3552,3553,4440,4437,3730,1102,3548,2567,4244,4135,3553,1102,2.5641026496887207,100,100,2.5641026496887207,7.500000476837158,95,47.5,100,100,2.5641026496887207,48.71794891357422,100,97.56097412109375,0,0,100,13958320128,0,11164479488,0
199,1759422966324,5971.750244140625,2550,1,0.81875,5971.750244140625,2550,1,0.81875,5926.279891967773,2550,1,0.81875,5926.279891967773,2550,1,0.81875,6916.4537353515625,2550,1,0.8125,6916.456741333008,2550,1,0.8125,5586.6839599609375,2550,1,0.81875,5586.6839599609375,2600,1,0.825,43207.29493713379,3552,1886,4441,1102,3552,3553,4440,4437,3730,1102,3548,2567,4244,4135,3553,1102,5,75,71.42857360839844,38.095237731933594,0,76.19047546386719,75,73.68421173095703,76.19047546386719,4.761904716491699,85,76.19047546386719,78.94737243652344,9.523809432983398,0,75,13958320128,0,11125809152,0
194,1759422966529,5972.161087036133,2475,1,0.80625,5972.161087036133,2475,1,0.80625,5926.693222045898,2475,1,0.80625,5926.693222045898,2475,1,0.80625,6917.169906616211,2475,1,0.8,6917.169906616211,2475,1,0.8,5587.088653564453,2475,1,0.80625,5587.088653564453,2475,1,0.80625,43212.41500854492,3552,1886,4441,1102,3552,3553,4440,4437,3730,1102,3548,2567,4244,4135,3553,1102,5,100,100,28.571430206298828,4.761904716491699,100,100,100,100,5,100,100,100,0,4.761904716491699,100,13958320128,0,11246456832,0
199,1759422966724,5972.576354980469,2600,1,0.825,5972.576354980469,2600,1,0.825,5927.100784301758,2600,1,0.83125,5927.100784301758,2600,1,0.83125,6917.906875610352,2600,1,0.81875,6917.906875610352,2600,1,0.81875,5587.489151000977,2600,1,0.825,5587.489151000977,2600,1,0.825,43217.263259887695,3552,1886,4441,1102,3552,3553,4440,4437,3730,1102,3548,2567,4244,4135,3553,1102,5,100,100,28.571430206298828,4.761904716491699,100,100,100,100,5,100,100,100,0,4.761904716491699,100,13958320128,0,11224195072,0
199,1759422966924,5972.99934387207,3500,0,1.0125000000000002,5973.000869750977,3500,0,1.0125000000000002,5927.5101318359375,3500,0,1.01875,5927.5101318359375,3500,0,1.01875,6918.641632080078,3575,0,1.03125,6918.641632080078,3575,0,1.03125,5587.888809204102,3575,0,1.03125,5587.888809204102,3575,0,1.03125,43222.25468444824,3552,1886,4441,1102,3552,3553,4440,4437,3730,1102,3548,2567,4244,4135,3553,1102,10.256410598754883,100,95,10.526315689086914,2.5641026496887207,100,100,100,92.10526275634766,12.820513725280762,100,100,100,0,5,100,13958320128,0,11269767168,0
199,1759422967124,5973.412155151367,2775,1,0.85625,5973.412155151367,2775,1,0.85625,5927.9215087890625,2775,1,0.8625,5927.9215087890625,2775,1,0.8625,6919.339462280273,2775,1,0.85625,6919.3428955078125,2775,1,0.85625,5588.293258666992,2375,1,0.7875,5588.293258666992,2375,1,0.7875,43227.28219604492,3552,1886,4441,1102,3552,3553,4440,4437,3730,1102,3548,2567,4244,4135,3553,1102,10.256410598754883,100,95,10.526315689086914,2.5641026496887207,100,100,100,92.10526275634766,12.820513725280762,100,100,100,0,5,100,13958320128,0,11383091200,0
199,1759422967324,5973.809982299805,3150,1,0.93125,5973.809982299805,3150,1,0.93125,5928.3172607421875,3150,1,0.9375,5928.3172607421875,3150,1,0.9375,6920.099060058594,3150,1,0.93125,6920.099060058594,3150,1,0.93125,5588.679702758789,3150,1,0.93125,5588.679702758789,3150,1,0.93125,43232.233947753906,3552,1886,4441,1102,3552,3553,4440,4437,3730,1102,3548,2567,4244,4135,3553,1102,2.5641026496887207,100,97.43589782714844,15.000000953674316,2.5641026496887207,100,100,100,5.128205299377441,100,100,100,100,4.878048419952393,0,100,13958320128,0,11271598080,0
199,1759422967524,5974.215270996094,2375,1,0.7875,5974.215270996094,2375,1,0.7875,5928.716567993164,2375,1,0.79375,5928.716567993164,2375,1,0.79375,6920.746841430664,2375,1,0.7875,6920.746841430664,2375,1,0.7875,5589.078750610352,2375,1,0.7875,5589.078750610352,2375,1,0.7875,43237.25245666504,3552,1886,4441,1102,3552,3553,4440,4437,3730,1102,3548,2567,4244,4135,3553,1102,10.526315689086914,100,80.95238494873047,25,0,100,100,100,5,100,100,100,100,10,4.761904716491699,100,13958320128,0,11344838656,0
199,1759422967724,5974.640441894531,2375,1,0.7875,5974.640441894531,2375,1,0.7875,5929.116271972656,2375,1,0.79375,5929.116271972656,2375,1,0.79375,6921.205917358398,2375,1,0.7875,6921.208160400391,2375,1,0.7875,5589.491302490234,2425,1,0.7875,5589.491302490234,2425,1,0.8,43242.258697509766,3552,1886,4441,1102,3552,3553,4440,4437,3730,1102,3548,2567,4244,4135,3553,1102,10,100,0,100,9.523809432983398,100,100,100,5,100,100,100,100,0,5,100,13958320128,0,11253698560,0
199,1759422967924,5975.050872802734,2325,1,0.78125,5975.050872802734,2325,1,0.78125,5929.515213012695,2325,1,0.78125,5929.515213012695,2325,1,0.78125,6921.6611328125,2325,1,0.775,6921.6611328125,2325,1,0.775,5589.885437011719,2325,1,0.78125,5589.887390136719,2325,1,0.78125,43247.25769042969,3552,1886,4441,1102,3552,3553,4440,4437,3730,1102,3548,2567,4244,4135,3553,1102,0,100,100,0,0,100,100,100,5.263157844543457,100,100,100,100,5,5,100,13958320128,0,11283464192,0
199,1759422968125,5975.460418701172,2375,1,0.7875,5975.462249755859,2375,1,0.7875,5929.913162231445,2375,1,0.79375,5929.913162231445,2400,1,0.79375,6922.11930847168,2400,1,0.7875,6922.11930847168,2400,1,0.7875,5590.2822265625,2400,1,0.79375,5590.2822265625,2400,1,0.79375,43252.23191833496,3552,1886,4441,1102,3552,3553,4440,4437,3730,1102,3548,2567,4244,4135,3553,1102,5,100,100,5,4.761904716491699,100,100,100,5,100,100,100,100,9.523809432983398,0,100,13958320128,0,11299389440,0
199,1759422968325,5975.877685546875,2450,1,0.8,5975.877685546875,2450,1,0.8,5930.3101806640625,2450,1,0.80625,5930.3101806640625,2450,1,0.80625,6922.582794189453,2450,1,0.8,6922.585189819336,2450,1,0.8,5590.701126098633,2450,1,0.8,5590.701126098633,2450,1,0.8,43257.22895812988,3552,1886,4441,1102,3552,3553,4440,4437,3730,1102,3548,2567,4244,4135,3553,1102,5,100,100,0,0,100,100,100,0,100,100,100,100,5,75,25,13958320128,0,11300347904,0
199,1759422968525,5976.275329589844,2400,1,0.79375,5976.275329589844,2400,1,0.79375,5930.701156616211,2400,1,0.79375,5930.701156616211,2400,1,0.79375,6923.039169311523,2400,1,0.7875,6923.039169311523,2400,1,0.7875,5591.10221862793,2400,1,0.79375,5591.104019165039,2400,1,0.79375,43262.227630615234,3552,1886,4441,1102,3552,3553,4440,4437,3730,1102,3548,2567,4244,4135,3553,1102,0,100,100,0,5,100,100,100,10,100,100,100,100,0,100,9.523809432983398,13958320128,0,11301343232,0
199,1759422968725,5976.563278198242,3050,1,0.9125,5976.563278198242,3050,1,0.9125,5931.055099487305,3050,1,0.9125,5931.055099487305,3050,1,0.9125,6923.830123901367,3050,1,0.90625,6923.830123901367,3050,1,0.90625,5591.340911865234,3050,1,0.9125,5591.340911865234,3050,1,0.9125,43267.143615722656,3552,1886,4441,1102,3552,3553,4440,4437,3730,1102,3548,2567,4244,4135,3553,1102,0,100,100,0,5,100,100,100,10,100,100,100,100,0,100,9.523809432983398,13958320128,0,11304329216,0
199,1759422968925,5976.645904541016,2400,1,0.80625,5976.645904541016,2400,1,0.79375,5931.1484375,3000,1,0.90625,5931.1484375,3000,1,0.90625,6924.670608520508,3000,1,0.9,6924.670608520508,3000,1,0.9,5591.546890258789,2400,1,0.79375,5591.546890258789,2400,1,0.79375,43272.1428527832,3552,1886,4441,1102,3552,3553,4440,4437,3730,1102,3548,2567,4244,4135,3553,1102,4.878048419952393,57.5,97.43589782714844,0,39.02438735961914,62.5,53.84615707397461,100,12.820513725280762,55,62.5,100,63.414634704589844,2.5,62.5,2.5641026496887207,13958320128,0,11300913152,0
199,1759422969125,5976.982391357422,2500,1,0.8125,5976.982391357422,2500,1,0.8125,5931.509231567383,2500,1,0.8125,5931.509231567383,2500,1,0.8125,6925.207550048828,2500,1,0.80625,6925.207550048828,2500,1,0.80625,5591.903015136719,2500,1,0.8125,5591.903015136719,2475,1,0.80625,43277.194564819336,3552,1886,4441,1102,3552,3553,4440,4437,3730,1102,3548,2567,4244,4135,3553,1102,68.42105102539063,5,95.23809814453125,22.72727394104004,26.3157901763916,75,0,100,70,68.42105102539063,0,100,68.42105102539063,70,70,0,13958320128,0,11105726464,0
199,1759422969325,5977.344757080078,3225,0,0.95,5977.344757080078,3225,0,0.95,5932.240737915039,3225,0,0.95,5932.240737915039,3225,0,0.95,6925.587463378906,3225,0,0.94375,6925.587463378906,3225,0,0.94375,5592.632095336914,3225,0,0.95,5592.632095336914,3225,0,0.95,43282.10739135742,3552,1886,4441,1102,3552,3553,4440,4437,3730,1102,3548,2567,4244,4135,3553,1102,68.42105102539063,5,95.23809814453125,22.72727394104004,26.3157901763916,75,0,100,70,68.42105102539063,0,100,68.42105102539063,70,70,0,13958320128,0,11105726464,0
199,1759422969525,5977.68896484375,3075,1,0.91875,5977.68896484375,3075,1,0.91875,5933.123779296875,3075,1,0.91875,5933.123779296875,3075,1,0.91875,6926.09098815918,3075,1,0.9125,6926.09098815918,3075,1,0.9125,5593.332427978516,3075,1,0.91875,5593.332427978516,3075,1,0.91875,43287.11958312988,3552,1886,4441,1102,3552,3553,4440,4437,3730,1102,3548,2567,4244,4135,3553,1102,100,2.5641026496887207,100,0,2.5,100,5,100,97.5,100,25,97.5,75,100,97.5,2.5,13958320128,0,11054428160,0
199,1759422969725,5978.108963012695,3125,1,0.925,5978.108963012695,3125,1,0.925,5933.706619262695,3125,1,0.93125,5933.706619262695,3125,1,0.93125,6926.733703613281,3075,1,0.925,6926.733703613281,3075,1,0.9125,5593.761306762695,3075,1,0.91875,5593.761306762695,3075,1,0.91875,43292.116638183594,3552,1886,4441,1102,3552,3553,4440,4437,3730,1102,3548,2567,4244,4135,3553,1102,100,5.263157844543457,94.73684692382813,10,5,100,0,100,100,100,100,100,15.000000953674316,94.73684692382813,100,0,13958320128,0,11067445248,0
200,1759422969925,5978.445587158203,2400,1,0.79375,5978.445587158203,2450,1,0.79375,5934.595703125,2450,1,0.8,5934.595703125,2450,1,0.8,6927.684707641602,2450,1,0.79375,6927.684707641602,2450,1,0.79375,5594.096542358398,2450,1,0.8,5594.096542358398,2450,1,0.8,43297.121185302734,3552,1886,4441,1102,3552,3553,4440,4437,3730,1102,3548,2567,4244,4135,3553,1102,100,0,5,100,0,100,9.523809432983398,100,100,100,100,100,100,0,100,0,13958320128,0,11074822144,0
199,1759422970125,5978.887908935547,3250,0,0.95,5978.887908935547,3250,0,0.95,5935.379058837891,3250,0,0.95625,5935.382308959961,3300,0,0.96875,6928.473831176758,3300,0,0.9625,6928.473831176758,3300,0,0.9625,5594.549392700195,3300,0,0.96875,5594.549392700195,3300,0,0.96875,43302.11978149414,3552,1886,4441,1102,3552,3553,4440,4437,3730,1102,3548,2567,4244,4135,3553,1102,25,80.95238494873047,0,100,4.761904716491699,100,0,100,100,100,100,100,100,5.263157844543457,100,5,13958320128,0,11074334720,0
199,1759422970325,5979.28076171875,3200,1,0.94375,5979.28076171875,3200,1,0.94375,5936.053558349609,3150,1,0.94375,5936.053558349609,3150,1,0.93125,6929.146255493164,3150,1,0.93125,6929.146255493164,3150,1,0.93125,5594.914779663086,3150,1,0.9375,5594.914779663086,3150,1,0.9375,43307.0782623291,3552,1886,4441,1102,3552,3553,4440,4437,3730,1102,3548,2567,4244,4135,3553,1102,25,80.95238494873047,0,100,4.761904716491699,100,0,100,100,100,100,100,100,5.263157844543457,100,5,13958320128,0,11336384512,0
199,1759422970526,5979.693939208984,3525,0,1.01875,5979.693939208984,3525,0,1.01875,5936.65657043457,3525,0,1.01875,5936.65657043457,3525,0,1.01875,6929.748199462891,3525,0,1.01875,6929.748199462891,3525,0,1.01875,5595.383193969727,3525,0,1.01875,5595.383193969727,3525,0,1.01875,43312.0849609375,3552,1886,4441,1102,3552,3553,4440,4437,3730,1102,3548,2567,4244,4135,3553,1102,2.5641026496887207,100,15.000000953674316,100,2.5641026496887207,100,5,100,100,100,100,100,87.5,17.5,100,10,13958320128,0,11510792192,0
199,1759422970726,5980.08952331543,3550,0,1.025,5980.08952331543,3550,0,1.025,5937.199523925781,3550,0,1.03125,5937.199523925781,3550,0,1.03125,6930.300262451172,3550,0,1.025,6930.300262451172,3550,0,1.025,5595.817123413086,3550,0,1.025,5595.817123413086,3550,0,1.025,43317.030181884766,3552,1886,4441,1102,3552,3553,4440,4437,3730,1102,3548,2567,4244,4135,3553,1102,2.5641026496887207,100,15.000000953674316,100,2.5641026496887207,100,5,100,100,100,100,100,87.5,17.5,100,10,13958320128,0,12252450816,0
199,1759422970926,5980.553939819336,2525,1,0.8125,5980.553939819336,2525,1,0.8125,5937.801376342773,2525,1,0.81875,5937.801376342773,2525,1,0.81875,6930.910552978516,2525,1,0.8125,6930.910552978516,2525,1,0.8125,5596.311660766602,2550,1,0.81875,5596.311660766602,2550,1,0.81875,43322.10414123535,3552,1886,4441,1102,3552,3553,4440,4437,3730,1102,3548,2567,4244,4135,3553,1102,0,100,2.5,100,4.878048419952393,100,5.128205299377441,100,100,100,100,100,84.61538696289063,22.5,100,5,13958320128,0,12157276160,0
199,1759422971126,5980.992614746094,3250,0,0.95,5980.992614746094,3250,0,0.95,5938.4493408203125,3250,0,0.95625,5938.454849243164,3250,0,0.95625,6931.548141479492,3250,0,0.95,6931.548141479492,3250,0,0.95,5596.747833251953,3150,0,0.95625,5596.747833251953,3150,1,0.93125,43327.0498046875,3552,1886,4441,1102,3552,3553,4440,4437,3730,1102,3548,2567,4244,4135,3553,1102,0,100,2.5,100,4.878048419952393,100,5.128205299377441,100,100,100,100,100,84.61538696289063,22.5,100,5,13958320128,0,12503871488,0
199,1759422971326,5981.289291381836,3575,0,1.03125,5981.289291381836,3575,0,1.03125,5939.454040527344,3575,0,1.0375,5939.454040527344,3575,0,1.0375,6932.565780639648,3575,0,1.03125,6932.565780639648,3575,0,1.03125,5597.098159790039,3525,0,1.03125,5597.098159790039,3525,0,1.01875,43332.02604675293,3552,1886,4441,1102,3552,3553,4440,4437,3730,1102,3548,2567,4244,4135,3553,1102,2.5,100,7.692307949066162,100,0,100,2.5,100,94.87179565429688,100,100,100,100,7.692307949066162,100,2.5641026496887207,13958320128,0,12391895040,0
199,1759422971526,5981.669143676758,3575,0,1.03125,5981.669143676758,3500,0,1.03125,5939.833801269531,3500,0,1.0125000000000002,5939.833801269531,3500,0,1.0125000000000002,6932.97233581543,3500,0,1.0125000000000002,6932.97233581543,3500,0,1.0125000000000002,5597.666595458984,3500,0,1.01875,5597.666595458984,3500,0,1.01875,43337.00044250488,3552,1886,4441,1102,3552,3553,4440,4437,3730,1102,3548,2567,4244,4135,3553,1102,2.5,100,7.692307949066162,100,0,100,2.5,100,94.87179565429688,100,100,100,100,7.692307949066162,100,2.5641026496887207,13958320128,0,11064217600,0
199,1759422971726,5981.867935180664,3125,1,0.925,5981.867935180664,3125,1,0.925,5940.121551513672,3125,1,0.93125,5940.121551513672,3125,1,0.93125,6933.162200927734,3125,1,0.925,6933.162200927734,3125,1,0.925,5597.881149291992,3125,1,0.925,5597.883728027344,3125,1,0.925,43341.707092285156,3552,1886,4441,1102,3552,3553,4440,4437,3730,1102,3548,2567,4244,4135,3553,1102,4.878048419952393,67.5,100,68.29268646240234,2.5,67.5,2.5641026496887207,67.5,19.51219367980957,68.29268646240234,7.692307949066162,67.5,67.5,34.14634323120117,67.5,26.829269409179688,13958320128,0,11047632896,0
199,1759422971926,5982.263153076172,3525,0,1.01875,5982.263153076172,3525,0,1.01875,5940.716094970703,3525,0,1.01875,5940.716094970703,3525,0,1.01875,6933.5599365234375,3525,0,1.01875,6933.561721801758,3525,0,1.01875,5598.275451660156,3525,0,1.01875,5598.275451660156,3525,0,1.01875,43346.66996765137,3552,1886,4441,1102,3552,3553,4440,4437,3730,1102,3548,2567,4244,4135,3553,1102,9.523809432983398,100,100,100,5.263157844543457,100,10.526315689086914,95,100,100,5.263157844543457,100,100,5.263157844543457,100,0,13958320128,0,10967429120,0
199,1759422972126,5982.6602783203125,3525,0,1.01875,5982.6602783203125,3525,0,1.01875,5941.262954711914,3525,0,1.01875,5941.262954711914,3525,0,1.01875,6933.95866394043,3525,0,1.01875,6933.95866394043,3525,0,1.01875,5598.668563842773,3525,0,1.025,5598.668563842773,3525,0,1.025,43351.642837524414,3552,1886,4441,1102,3552,3553,4440,4437,3730,1102,3548,2567,4244,4135,3553,1102,0,100,100,100,0,100,100,0,100,100,0,100,100,0,100,0,13958320128,0,11072675840,0
199,1759422972326,5983.088684082031,3700,0,1.0625,5983.090759277344,3700,0,1.0625,5941.707992553711,3700,0,1.06875,5941.707992553711,3700,0,1.06875,6934.392684936523,3525,0,1.0625,6934.392684936523,3525,0,1.01875,5599.103729248047,3525,0,1.01875,5599.103729248047,3525,0,1.01875,43356.63749694824,3552,1886,4441,1102,3552,3553,4440,4437,3730,1102,3548,2567,4244,4135,3553,1102,0,100,100,10.526315689086914,0,100,100,0,10.526315689086914,100,5,100,100,0,100,4.761904716491699,13958320128,0,11072675840,0
199,1759422972526,5983.575119018555,2300,1,0.775,5983.575119018555,2300,1,0.775,5942.184967041016,2875,1,0.88125,5942.184967041016,2875,1,0.88125,6934.87744140625,2875,1,0.875,6934.87744140625,2875,1,0.875,5599.579849243164,2875,1,0.875,5599.579849243164,2875,1,0.875,43361.666412353516,3552,1886,4441,1102,3552,3553,4440,4437,3730,1102,3548,2567,4244,4135,3553,1102,5,100,100,0,0,100,100,9.523809432983398,0,100,0,100,100,5,100,0,13958320128,0,11072675840,0
199,1759422972726,5984.006561279297,3525,0,1.01875,5984.006561279297,3525,0,1.01875,5942.70231628418,3525,0,1.025,5942.70231628418,3525,0,1.025,6935.311721801758,3525,0,1.01875,6935.311721801758,3525,0,1.01875,5600.009506225586,3525,0,1.01875,5600.009506225586,3525,0,1.01875,43366.60987854004,3552,1886,4441,1102,3552,3553,4440,4437,3730,1102,3548,2567,4244,4135,3553,1102,0,100,100,52.38095474243164,0,100,100,0,50,100,9.090909004211426,100,100,9.523809432983398,100,0,13958320128,0,11070550016,0
199,1759422972926,5984.280303955078,3525,0,1.01875,5984.280303955078,3450,0,1.01875,5943.036544799805,3450,0,1,5943.036544799805,3450,0,1,6935.560455322266,3450,0,1,6935.560455322266,3450,0,1,5600.273712158203,3450,0,1,5600.273712158203,3450,0,1,43371.168045043945,3552,1886,4441,1102,3552,3553,4440,4437,3730,1102,3548,2567,4244,4135,3553,1102,10,60.000003814697266,50,60.000003814697266,9.523809432983398,55,90,5,61.904762268066406,60.000003814697266,0,57.894737243652344,57.894737243652344,0,63.15789031982422,9.523809432983398,13958320128,0,11030872064,0
199,1759422973126,5984.719970703125,3200,1,0.94375,5984.719970703125,3200,1,0.94375,5943.701385498047,3200,1,0.94375,5943.701385498047,3200,1,0.94375,6935.9613037109375,3200,1,0.94375,6935.9613037109375,3200,1,0.94375,5600.746124267578,3200,1,0.94375,5600.746124267578,3100,1,0.94375,43376.21960449219,3552,1886,4441,1102,3552,3553,4440,4437,3730,1102,3548,2567,4244,4135,3553,1102,15.789472579956055,100,9.523809432983398,100,0,100,100,73.68421173095703,100,100,5,100,100,30.000001907348633,100,0,13958320128,0,11089534976,0
199,1759422973327,5985.125625610352,2550,1,0.81875,5985.128341674805,2550,1,0.81875,5944.406326293945,2550,1,0.81875,5944.406326293945,2500,1,0.81875,6936.366058349609,2500,1,0.80625,6936.366058349609,2500,1,0.80625,5601.21662902832,2500,1,0.8125,5601.21662902832,2500,1,0.8125,43381.22752380371,3552,1886,4441,1102,3552,3553,4440,4437,3730,1102,3548,2567,4244,4135,3553,1102,5,100,0,100,5,100,100,95.23809814453125,100,100,0,100,100,38.095237731933594,100,4.761904716491699,13958320128,0,11019087872,0
199,1759422973527,5985.546432495117,3725,0,1.06875,5985.546432495117,3725,0,1.06875,5945.14924621582,3725,0,1.075,5945.14924621582,3725,0,1.075,6936.777893066406,3625,0,1.075,6936.777893066406,3625,0,1.0437500000000002,5601.654830932617,3625,0,1.05,5601.654830932617,3625,0,1.05,43386.19924926758,3552,1886,4441,1102,3552,3553,4440,4437,3730,1102,3548,2567,4244,4135,3553,1102,5.263157844543457,100,0,100,4.761904716491699,100,100,95,100,100,4.761904716491699,100,100,10,100,0,13958320128,0,11106942976,0
199,1759422973727,5985.962951660156,3150,1,0.93125,5985.962951660156,3150,1,0.93125,5945.858947753906,3150,1,0.93125,5945.864196777344,3150,1,0.93125,6937.186584472656,3150,1,0.93125,6937.186584472656,3050,1,0.93125,5602.075454711914,3050,1,0.9125,5602.075454711914,3050,1,0.9125,43391.19088745117,3552,1886,4441,1102,3552,3553,4440,4437,3730,1102,3548,2567,4244,4135,3553,1102,5.263157844543457,100,0,100,4.761904716491699,100,100,95,100,100,4.761904716491699,100,100,10,100,0,13958320128,0,11263262720,0
199,1759422973927,5986.363311767578,2725,1,0.85,5986.366455078125,2725,1,0.85,5946.6094970703125,2725,1,0.85,5946.6094970703125,2600,1,0.83125,6937.582962036133,2600,1,0.825,6937.582962036133,2600,1,0.825,5602.5107421875,2600,1,0.825,5602.5107421875,2600,1,0.825,43396.19346618652,3552,1886,4441,1102,3552,3553,4440,4437,3730,1102,3548,2567,4244,4135,3553,1102,5,100,4.878048419952393,100,2.6315789222717285,100,100,95,100,100,2.5,100,100,10.256410598754883,100,2.5641026496887207,13958320128,0,11143155712,0
199,1759422974127,5986.767501831055,2550,1,0.81875,5986.767501831055,2550,1,0.81875,5947.336288452148,2550,1,0.81875,5947.339385986328,2550,1,0.81875,6937.980377197266,2550,1,0.8125,6937.980377197266,2550,1,0.8125,5602.932022094727,2550,1,0.81875,5602.932022094727,2550,1,0.81875,43401.191635131836,3552,1886,4441,1102,3552,3553,4440,4437,3730,1102,3548,2567,4244,4135,3553,1102,5.263157844543457,100,4.761904716491699,100,0,100,100,95,100,100,5,100,100,15.000000953674316,100,5,13958320128,0,11177713664,0
199,1759422974327,5987.165756225586,2400,1,0.79375,5987.165756225586,2400,1,0.79375,5947.917984008789,2400,1,0.79375,5947.917984008789,2400,1,0.79375,6938.372146606445,2400,1,0.7875,6938.374176025391,2400,1,0.7875,5603.374969482422,2325,1,0.78125,5603.374969482422,2325,1,0.78125,43406.21273803711,3552,1886,4441,1102,3552,3553,4440,4437,3730,1102,3548,2567,4244,4135,3553,1102,5,100,5.263157844543457,100,5.263157844543457,100,100,90,100,100,0,100,100,30.000001907348633,100,5,13958320128,0,11155804160,0
199,1759422974527,5987.580596923828,2350,1,0.7875,5987.580596923828,2350,1,0.7875,5948.392913818359,2350,1,0.7875,5948.392913818359,2350,1,0.7875,6938.7806396484375,2350,1,0.78125,6938.7806396484375,2350,1,0.78125,5603.776016235352,2350,1,0.7875,5603.778335571289,2350,1,0.7875,43411.21083068848,3552,1886,4441,1102,3552,3553,4440,4437,3730,1102,3548,2567,4244,4135,3553,1102,9.523809432983398,100,0,100,0,100,100,100,100,100,0,100,100,0,100,5,13958320128,0,11155804160,0
199,1759422974727,5987.986114501953,2475,1,0.80625,5987.986114501953,2475,1,0.80625,5948.868576049805,2475,1,0.80625,5948.868576049805,2325,1,0.78125,6939.1817626953125,2325,1,0.775,6939.1817626953125,2325,1,0.775,5604.160720825195,2325,1,0.78125,5604.160720825195,2325,1,0.78125,43416.18489074707,3552,1886,4441,1102,3552,3553,4440,4437,3730,1102,3548,2567,4244,4135,3553,1102,0,100,5,100,5,100,100,100,100,100,5,100,100,5,100,0,13958320128,0,11147087872,0
199,1759422974927,5988.395248413086,2425,1,0.8,5988.395248413086,2425,1,0.8,5949.352249145508,2425,1,0.8,5949.352249145508,2425,1,0.8,6939.584167480469,2425,1,0.79375,6939.584167480469,2450,1,0.8,5604.54475402832,2450,1,0.8,5604.54475402832,2450,1,0.8,43421.18115234375,3552,1886,4441,1102,3552,3553,4440,4437,3730,1102,3548,2567,4244,4135,3553,1102,10,100,0,100,0,100,100,100,100,100,4.761904716491699,100,100,0,100,4.761904716491699,13958320128,0,11147595776,0
199,1759422975127,5988.81330871582,2400,1,0.79375,5988.81330871582,2400,1,0.79375,5949.845260620117,2400,1,0.79375,5949.845260620117,2400,1,0.79375,6939.995651245117,2400,1,0.7875,6939.995651245117,2400,1,0.7875,5604.937698364258,2400,1,0.79375,5604.937698364258,2400,1,0.79375,43426.180435180664,3552,1886,4441,1102,3552,3553,4440,4437,3730,1102,3548,2567,4244,4135,3553,1102,5.263157844543457,100,0,100,57.142860412597656,50,100,100,100,100,5,100,100,0,100,0,13958320128,0,11143737344,0
199,1759422975327,5989.206329345703,2725,1,0.85,5989.206329345703,2725,1,0.85,5950.356826782227,2725,1,0.85,5950.356826782227,2675,1,0.85,6940.38557434082,2675,1,0.8375,6940.38557434082,2675,1,0.8375,5605.347595214844,2675,1,0.8375,5605.347595214844,2675,1,0.8375,43431.13999938965,3552,1886,4441,1102,3552,3553,4440,4437,3730,1102,3548,2567,4244,4135,3553,1102,10,100,4.761904716491699,100,100,0,100,100,100,100,0,100,100,5,100,5,13958320128,0,11144732672,0
199,1759422975528,5989.496276855469,2825,1,0.86875,5989.496276855469,2825,1,0.86875,5951.267761230469,2825,1,0.86875,5951.267761230469,2825,1,0.86875,6940.662902832031,2825,1,0.8625,6940.662902832031,2825,1,0.8625,5605.682998657227,2825,1,0.86875,5605.682998657227,2825,1,0.86875,43436.103775024414,3552,1886,4441,1102,3552,3553,4440,4437,3730,1102,3548,2567,4244,4135,3553,1102,15.000000953674316,86.36363983154297,0,100,100,0,73.68421173095703,100,85,100,10.526315689086914,89.47368621826172,90,4.761904716491699,100,4.761904716491699,13958320128,0,11152723968,0
199,1759422975728,5989.593597412109,2780,1,0.8625,5989.593597412109,2780,1,0.8625,5951.467239379883,2780,1,0.8625,5951.467239379883,2780,1,0.8625,6941.4998779296875,3475,0,1.00625,6941.4998779296875,3375,0,1.00625,5605.718902587891,3375,0,0.9812500000000001,5605.718902587891,3375,0,0.9812500000000001,43441.079513549805,3552,1886,4441,1102,3552,3553,4440,4437,3730,1102,3548,2567,4244,4135,3553,1102,10,0,80,5.263157844543457,76.19047546386719,5.263157844543457,4.761904716491699,100,0,28.571430206298828,100,0,4.761904716491699,0,20,5,13958320128,0,11150180352,0
199,1759422975928,5990.077560424805,2500,1,0.8125,5990.077560424805,2500,1,0.8125,5951.943023681641,2500,1,0.8125,5951.943023681641,2500,1,0.8125,6942.014343261719,2500,1,0.80625,6942.014343261719,2500,1,0.80625,5605.971786499023,2500,1,0.8125,5605.971786499023,2500,1,0.8125,43446.11897277832,3552,1886,4441,1102,3552,3553,4440,4437,3730,1102,3548,2567,4244,4135,3553,1102,5,100,55,95,0,100,95,100,95,0,100,95,45,5.263157844543457,9.523809432983398,95,13958320128,0,10946355200,0
199,1759422976128,5990.3822021484375,3150,0,0.9625,5990.3822021484375,3150,1,0.93125,5952.245147705078,3150,1,0.9375,5952.245147705078,3150,1,0.9375,6942.842056274414,3150,1,0.93125,6942.842056274414,3150,1,0.93125,5606.397445678711,3150,1,0.9375,5606.397445678711,3150,1,0.9375,43451.05741882324,3552,1886,4441,1102,3552,3553,4440,4437,3730,1102,3548,2567,4244,4135,3553,1102,5,100,55,95,0,100,95,100,95,0,100,95,45,5.263157844543457,9.523809432983398,95,13958320128,0,10946355200,0
199,1759422976328,5990.753326416016,2425,1,0.8,5990.753326416016,2425,1,0.8,5952.81901550293,2425,1,0.8,5952.81901550293,2425,1,0.8,6943.396240234375,2425,1,0.79375,6943.398422241211,2425,1,0.79375,5606.843292236328,2450,1,0.8,5606.843292236328,2450,1,0.8,43456.11869812012,3552,1886,4441,1102,3552,3553,4440,4437,3730,1102,3548,2567,4244,4135,3553,1102,2.5641026496887207,95.1219482421875,41.46341323852539,100,2.5,100,60.000003814697266,100,97.5,40,60.97561264038086,100,100,7.500000476837158,0,100,13958320128,0,10901618688,0
200,1759422976528,5991.137878417969,3200,1,0.94375,5991.137878417969,3200,1,0.94375,5953.555603027344,3200,1,0.94375,5953.555603027344,3200,1,0.94375,6943.779891967773,3200,1,0.9375,6943.779891967773,3200,1,0.9375,5607.22917175293,3200,1,0.94375,5607.231582641602,3200,1,0.94375,43461.055923461914,3552,1886,4441,1102,3552,3553,4440,4437,3730,1102,3548,2567,4244,4135,3553,1102,2.5641026496887207,95.1219482421875,41.46341323852539,100,2.5,100,60.000003814697266,100,97.5,40,60.97561264038086,100,100,7.500000476837158,0,100,13958320128,0,10932473856,0
194,1759422976734,5991.542556762695,2650,1,0.8375,5991.542556762695,2650,1,0.8375,5954.408905029297,2650,1,0.8375,5954.408905029297,2650,1,0.8375,6944.188735961914,2650,1,0.83125,6944.188735961914,2650,1,0.83125,5607.645080566406,2650,1,0.8375,5607.645080566406,2650,1,0.8375,43466.20918273926,3552,1886,4441,1102,3552,3553,4440,4437,3730,1102,3548,2567,4244,4135,3553,1102,2.5,100,100,100,4.878048419952393,100,12.5,90,100,100,4.878048419952393,100,100,7.317072868347168,2.5,100,13958320128,0,10880241664,0
199,1759422976928,5991.966567993164,3475,0,1.00625,5991.966567993164,3425,0,1.00625,5955.09733581543,3425,0,0.99375,5955.09733581543,3425,0,0.99375,6944.612335205078,3425,0,0.99375,6944.612335205078,3425,0,0.99375,5608.07746887207,3425,0,0.99375,5608.07746887207,3425,0,0.99375,43471.01022338867,3552,1886,4441,1102,3552,3553,4440,4437,3730,1102,3548,2567,4244,4135,3553,1102,2.5,100,100,100,4.878048419952393,100,12.5,90,100,100,4.878048419952393,100,100,7.317072868347168,2.5,100,13958320128,0,11301801984,0
199,1759422977128,5992.362930297852,3575,0,1.03125,5992.362930297852,3575,0,1.03125,5955.810775756836,3575,0,1.03125,5955.810775756836,3575,0,1.03125,6945.004852294922,3575,0,1.03125,6945.004852294922,3575,0,1.03125,5608.504425048828,3575,0,1.0375,5608.504425048828,3575,0,1.0375,43476.03758239746,3552,1886,4441,1102,3552,3553,4440,4437,3730,1102,3548,2567,4244,4135,3553,1102,97.43589782714844,7.894736289978027,100,100,0,100,100,5,100,100,94.87179565429688,7.500000476837158,52.6315803527832,56.41025924682617,2.5641026496887207,100,13958320128,0,11168018432,0
199,1759422977328,5992.783279418945,3475,0,1.00625,5992.783279418945,3475,0,1.00625,5956.383560180664,3475,0,1.00625,5956.383560180664,3475,0,1.00625,6945.424240112305,3475,0,1.00625,6945.424240112305,3475,0,1.00625,5608.966567993164,3475,0,1.00625,5608.966567993164,3475,0,1.00625,43480.98361206055,3552,1886,4441,1102,3552,3553,4440,4437,3730,1102,3548,2567,4244,4135,3553,1102,97.43589782714844,7.894736289978027,100,100,0,100,100,5,100,100,94.87179565429688,7.500000476837158,52.6315803527832,56.41025924682617,2.5641026496887207,100,13958320128,0,11835252736,0
199,1759422977528,5993.195907592773,2525,1,0.8125,5993.195907592773,2525,1,0.8125,5956.948654174805,2525,1,0.81875,5956.948654174805,2525,1,0.81875,6945.835723876953,2525,1,0.8125,6945.835723876953,2525,1,0.8125,5609.444030761719,2525,1,0.8125,5609.444030761719,2575,1,0.825,43486.05116271973,3552,1886,4441,1102,3552,3553,4440,4437,3730,1102,3548,2567,4244,4135,3553,1102,100,5.263157844543457,100,100,5,100,100,5,100,100,100,5.128205299377441,27.5,80,2.5641026496887207,100,13958320128,0,11774136320,0
199,1759422977729,5993.668853759766,2525,1,0.8125,5993.668853759766,2525,1,0.8125,5957.547836303711,2525,1,0.81875,5957.547836303711,2525,1,0.81875,6946.30436706543,2525,1,0.8125,6946.30436706543,2525,1,0.8125,5609.912414550781,2525,1,0.8125,5609.9146728515625,2525,1,0.8125,43491.05278015137,3552,1886,4441,1102,3552,3553,4440,4437,3730,1102,3548,2567,4244,4135,3553,1102,100,5,100,100,0,100,100,0,100,100,100,0,5,100,4.761904716491699,100,13958320128,0,12153577472,0
199,1759422977929,5994.051376342773,3225,0,0.95,5994.051376342773,3225,0,0.95,5958.354888916016,3225,0,0.95,5958.354888916016,3225,0,0.95,6946.687561035156,3225,0,0.94375,6946.687561035156,3225,0,0.94375,5610.292129516602,3225,0,0.95,5610.292129516602,3225,0,0.95,43495.993072509766,3552,1886,4441,1102,3552,3553,4440,4437,3730,1102,3548,2567,4244,4135,3553,1102,100,5,100,100,0,100,100,0,100,100,100,0,5,100,4.761904716491699,100,13958320128,0,12446416896,0
199,1759422978129,5994.378021240234,3500,0,1.0125000000000002,5994.378021240234,3500,0,1.0125000000000002,5959.132339477539,3500,0,1.0125000000000002,5959.132339477539,3500,0,1.0125000000000002,6947.044998168945,3500,0,1.0125000000000002,6947.044998168945,3500,0,1.0125000000000002,5610.707962036133,3500,0,1.0125000000000002,5610.707962036133,3500,0,1.0125000000000002,43500.950927734375,3552,1886,4441,1102,3552,3553,4440,4437,3730,1102,3548,2567,4244,4135,3553,1102,12.820513725280762,87.5,100,100,4.878048419952393,97.5,97.56097412109375,25,78.04877471923828,100,89.74359130859375,25.641027450561523,23.076923370361328,77.5,2.5641026496887207,100,13958320128,0,11301933056,0
199,1759422978329,5994.676254272461,3560,0,1.025,5994.676254272461,3560,0,1.025,5959.415115356445,3560,0,1.03125,5959.415130615234,3560,0,1.03125,6947.607025146484,3560,0,1.025,6947.607025146484,3560,0,1.025,5611.015289306641,3560,0,1.03125,5611.015289306641,3560,0,1.03125,43505.68811035156,3552,1886,4441,1102,3552,3553,4440,4437,3730,1102,3548,2567,4244,4135,3553,1102,4.761904716491699,75,19.047618865966797,70,0,75,100,75,0,73.68421173095703,61.904762268066406,71.42857360839844,19.047618865966797,57.142860412597656,0,75,13958320128,0,10936631296,0
199,1759422978529,5994.727890014648,3560,0,1.025,5994.727890014648,3560,0,1.025,5959.443389892578,3560,0,1.03125,5959.443389892578,3560,0,1.03125,6947.629898071289,3560,0,1.025,6947.629898071289,3560,0,1.025,5611.082901000977,3560,0,1.03125,5611.082901000977,3560,0,1.03125,43509.84452819824,3552,1886,4441,1102,3552,3553,4440,4437,3730,1102,3548,2567,4244,4135,3553,1102,0,0,0,0,0,0,100,0,5,0,0,0,0,0,0,0,13958320128,0,10936631296,0
199,1759422978729,5995.182357788086,3275,0,0.9625,5995.182357788086,3275,0,0.9625,5959.890594482422,3275,0,0.9625,5959.890594482422,3275,0,0.9625,6948.088134765625,3275,0,0.95625,6948.088134765625,3275,0,0.95625,5611.5325927734375,3275,0,0.9625,5611.5325927734375,3525,0,0.9625,43515.17771911621,3552,1886,4441,1102,3552,3553,4440,4437,3730,1102,3548,2567,4244,4135,3553,1102,5.263157844543457,95.23809814453125,0,100,9.523809432983398,95,100,95,0,95.23809814453125,5,100,0,95,95.23809814453125,95,13958320128,0,10936627200,0
199,1759422978929,5995.586532592773,3350,0,0.975,5995.586532592773,3350,0,0.975,5960.286331176758,3350,0,0.9812500000000001,5960.288360595703,3350,0,0.9812500000000001,6948.493988037109,3350,0,0.975,6948.493988037109,3350,0,0.975,5611.961502075195,3650,0,0.975,5611.961502075195,3650,0,1.05625,43520.191146850586,3552,1886,4441,1102,3552,3553,4440,4437,3730,1102,3548,2567,4244,4135,3553,1102,9.523809432983398,100,95.23809814453125,13.636363983154297,5.263157844543457,100,100,100,5,100,5.263157844543457,100,35,80.95238494873047,100,100,13958320128,0,10919448576,0
199,1759422979129,5995.976181030273,3625,0,1.0437500000000002,5995.976181030273,3625,0,1.0437500000000002,5960.671951293945,3625,0,1.0437500000000002,5960.671951293945,3625,0,1.0437500000000002,6948.88752746582,3625,0,1.0437500000000002,6948.88752746582,3625,0,1.0437500000000002,5612.352447509766,3625,0,1.0437500000000002,5612.352447509766,3625,0,1.0437500000000002,43525.1222076416,3552,1886,4441,1102,3552,3553,4440,4437,3730,1102,3548,2567,4244,4135,3553,1102,9.523809432983398,100,95.23809814453125,13.636363983154297,5.263157844543457,100,100,100,5,100,5.263157844543457,100,35,80.95238494873047,100,100,13958320128,0,10976149504,0
199,1759422979329,5996.3648681640625,3525,0,1.01875,5996.3648681640625,3525,0,1.01875,5961.05712890625,3525,0,1.01875,5961.05712890625,3525,0,1.01875,6949.278274536133,3525,0,1.01875,6949.278274536133,3525,0,1.01875,5612.743148803711,3525,0,1.025,5612.743148803711,3525,0,1.025,43530.12059020996,3552,1886,4441,1102,3552,3553,4440,4437,3730,1102,3548,2567,4244,4135,3553,1102,2.5641026496887207,100,100,2.5641026496887207,5,100,100,100,5,100,4.878048419952393,100,100,5.128205299377441,100,100,13958320128,0,11079643136,0
199,1759422979529,5996.785629272461,3675,0,1.05625,5996.785629272461,3675,0,1.05625,5961.475692749023,3675,0,1.0625,5961.475692749023,3575,0,1.0625,6949.70002746582,3575,0,1.03125,6949.70002746582,3575,0,1.03125,5613.291641235352,3575,0,1.03125,5613.291641235352,3575,0,1.03125,43535.1171875,3552,1886,4441,1102,3552,3553,4440,4437,3730,1102,3548,2567,4244,4135,3553,1102,0,100,100,0,73.68421173095703,30.000001907348633,30.000001907348633,100,0,100,0,100,100,0,33.333335876464844,100,13958320128,0,11095506944,0
199,1759422979729,5997.2596435546875,2850,1,0.86875,5997.2596435546875,2800,1,0.86875,5961.952407836914,2800,1,0.86875,5961.952407836914,2800,1,0.86875,6950.1773681640625,2800,1,0.8625,6950.1773681640625,2800,1,0.8625,5613.915390014648,2800,1,0.8625,5613.915390014648,2800,1,0.8625,43540.14971923828,3552,1886,4441,1102,3552,3553,4440,4437,3730,1102,3548,2567,4244,4135,3553,1102,5,100,85,21.052631378173828,100,4.761904716491699,0,100,0,100,0,100,100,5,0,100,13958320128,0,11094917120,0
199,1759422979929,5997.704559326172,3500,0,1.0125000000000002,5997.704559326172,3500,0,1.0125000000000002,5962.40234375,3500,0,1.0125000000000002,5962.40234375,3500,0,1.0125000000000002,6950.62663269043,3500,0,1.0125000000000002,6950.62663269043,3500,0,1.0125000000000002,5614.506912231445,3500,0,1.0125000000000002,5614.506912231445,3500,0,1.0125000000000002,43545.09375,3552,1886,4441,1102,3552,3553,4440,4437,3730,1102,3548,2567,4244,4135,3553,1102,5,100,85,21.052631378173828,100,4.761904716491699,0,100,0,100,0,100,100,5,0,100,13958320128,0,11086004224,0
199,1759422980129,5998.025665283203,3575,0,1.03125,5998.025665283203,3575,0,1.03125,5962.699356079102,3575,0,1.0375,5962.699356079102,3575,0,1.0375,6950.930953979492,3575,0,1.03125,6950.930953979492,3575,0,1.03125,5615.00651550293,3575,0,1.03125,5615.00651550293,3575,0,1.03125,43549.883880615234,3552,1886,4441,1102,3552,3553,4440,4437,3730,1102,3548,2567,4244,4135,3553,1102,5,87.5,52.499996185302734,85.36585235595703,90.243896484375,55,15.000000953674316,87.5,2.5641026496887207,87.5,2.5,85.36585235595703,87.5,0,5.128205299377441,87.17948913574219,13958320128,0,11109535744,0
199,1759422980329,5998.440368652344,3200,1,0.9375,5998.440368652344,3200,1,0.9375,5963.111236572266,3200,1,0.94375,5963.111236572266,3200,1,0.94375,6951.347946166992,3200,1,0.94375,6951.347946166992,3200,1,0.94375,5615.487442016602,3150,1,0.94375,5615.487442016602,3150,1,0.9375,43554.95497131348,3552,1886,4441,1102,3552,3553,4440,4437,3730,1102,3548,2567,4244,4135,3553,1102,5,87.5,52.499996185302734,85.36585235595703,90.243896484375,55,15.000000953674316,87.5,2.5641026496887207,87.5,2.5,85.36585235595703,87.5,0,5.128205299377441,87.17948913574219,13958320128,0,11206766592,0
199,1759422980530,5998.841720581055,2500,1,0.8125,5998.844421386719,2500,1,0.8125,5963.513610839844,2500,1,0.8125,5963.513610839844,2550,1,0.81875,6951.754684448242,2550,1,0.8125,6951.754684448242,2550,1,0.8125,5615.956970214844,2550,1,0.81875,5615.956970214844,2550,1,0.81875,43559.96578979492,3552,1886,4441,1102,3552,3553,4440,4437,3730,1102,3548,2567,4244,4135,3553,1102,0,100,2.5,100,2.5641026496887207,100,90,100,5,100,2.6315789222717285,100,40,92.68292999267578,100,100,13958320128,0,11111555072,0
199,1759422980730,5999.25846862793,3725,0,1.06875,5999.260314941406,3725,0,1.06875,5963.927780151367,3725,0,1.075,5963.927780151367,3675,0,1.075,6952.17529296875,3675,0,1.0625,6952.17529296875,3675,0,1.0625,5616.396270751953,3675,0,1.0625,5616.396270751953,3675,0,1.0625,43564.95227050781,3552,1886,4441,1102,3552,3553,4440,4437,3730,1102,3548,2567,4244,4135,3553,1102,4.761904716491699,100,0,100,9.523809432983398,94.73684692382813,95,100,0,100,14.285715103149414,94.73684692382813,15.000000953674316,100,100,100,13958320128,0,11220398080,0
199,1759422980930,5999.674468994141,3125,1,0.925,5999.674468994141,3125,1,0.925,5964.336135864258,3125,1,0.93125,5964.336135864258,3125,1,0.93125,6952.587265014648,3125,1,0.925,6952.587265014648,3075,1,0.925,5616.817031860352,3075,1,0.91875,5616.817031860352,3075,1,0.91875,43569.943771362305,3552,1886,4441,1102,3552,3553,4440,4437,3730,1102,3548,2567,4244,4135,3553,1102,4.761904716491699,100,0,100,9.523809432983398,94.73684692382813,95,100,0,100,14.285715103149414,94.73684692382813,15.000000953674316,100,100,100,13958320128,0,11364212736,0
199,1759422981130,6000.075424194336,2500,1,0.8125,6000.075424194336,2500,1,0.8125,5964.731491088867,2625,1,0.83125,5964.731491088867,2625,1,0.83125,6952.985763549805,2625,1,0.825,6952.985763549805,2625,1,0.825,5617.241180419922,2625,1,0.83125,5617.241180419922,2625,1,0.83125,43574.94744873047,3552,1886,4441,1102,3552,3553,4440,4437,3730,1102,3548,2567,4244,4135,3553,1102,5.128205299377441,100,10,100,100,2.5,92.5,100,2.5641026496887207,100,100,2.5641026496887207,10,100,100,100,13958320128,0,11307679744,0
199,1759422981330,6000.485198974609,2550,1,0.81875,6000.485198974609,2550,1,0.81875,5965.138885498047,2550,1,0.81875,5965.141571044922,2550,1,0.81875,6953.396102905273,2550,1,0.8125,6953.396102905273,2550,1,0.8125,5617.654632568359,2550,1,0.81875,5617.654632568359,2550,1,0.81875,43579.94616699219,3552,1886,4441,1102,3552,3553,4440,4437,3730,1102,3548,2567,4244,4135,3553,1102,0,100,10.526315689086914,100,100,5,100,100,5,100,100,4.761904716491699,5.263157844543457,100,100,100,13958320128,0,11320340480,0
199,1759422981530,6000.881973266602,2475,1,0.80625,6000.881973266602,2475,1,0.80625,5965.5311279296875,2475,1,0.80625,5965.5311279296875,2475,1,0.80625,6953.789169311523,2475,1,0.8,6953.790985107422,2475,1,0.8,5618.050369262695,2400,1,0.79375,5618.050369262695,2400,1,0.79375,43584.964096069336,3552,1886,4441,1102,3552,3553,4440,4437,3730,1102,3548,2567,4244,4135,3553,1102,5,100,30.000001907348633,100,100,0,90,100,0,100,100,5,5,100,100,100,13958320128,0,11293315072,0
199,1759422981730,6001.301284790039,2375,1,0.7875,6001.301284790039,2375,1,0.7875,5965.930923461914,2375,1,0.79375,5965.930923461914,2375,1,0.79375,6954.19157409668,2375,1,0.7875,6954.19157409668,2375,1,0.7875,5618.457931518555,2375,1,0.7875,5618.459930419922,2375,1,0.7875,43589.960525512695,3552,1886,4441,1102,3552,3553,4440,4437,3730,1102,3548,2567,4244,4135,3553,1102,5,100,4.761904716491699,100,100,0,100,100,9.523809432983398,100,100,0,5,100,100,100,13958320128,0,11309445120,0
199,1759422981930,6001.703826904297,2350,1,0.7875,6001.703826904297,2350,1,0.7875,5966.331268310547,2375,1,0.79375,5966.331268310547,2375,1,0.79375,6954.599014282227,2375,1,0.7875,6954.599014282227,2375,1,0.7875,5618.8504638671875,2375,1,0.7875,5618.8504638671875,2375,1,0.7875,43594.93664550781,3552,1886,4441,1102,3552,3553,4440,4437,3730,1102,3548,2567,4244,4135,3553,1102,5,100,94.73684692382813,10,100,5,100,100,5,100,100,0,5,100,100,100,13958320128,0,11301482496,0
199,1759422982130,6002.103164672852,2425,1,0.8,6002.103164672852,2425,1,0.8,5966.726623535156,2425,1,0.8,5966.728698730469,2425,1,0.8,6955.008163452148,2375,1,0.79375,6955.008163452148,2375,1,0.7875,5619.242584228516,2375,1,0.7875,5619.242584228516,2375,1,0.7875,43599.93508911133,3552,1886,4441,1102,3552,3553,4440,4437,3730,1102,3548,2567,4244,4135,3553,1102,5.263157844543457,100,100,5,100,5,100,100,5.263157844543457,100,100,5,0,100,100,100,13958320128,0,11309445120,0
199,1759422982330,6002.513031005859,2350,1,0.7875,6002.513031005859,2350,1,0.7875,5967.126480102539,2350,1,0.7875,5967.126480102539,2350,1,0.7875,6955.419403076172,2350,1,0.78125,6955.42106628418,2350,1,0.78125,5619.648956298828,2350,1,0.7875,5619.648956298828,2425,1,0.8,43604.932525634766,3552,1886,4441,1102,3552,3553,4440,4437,3730,1102,3548,2567,4244,4135,3553,1102,0,100,100,0,100,0,100,100,0,100,100,5,9.523809432983398,100,100,100,13958320128,0,11317051392,0
199,1759422982530,6002.920227050781,2600,1,0.825,6002.920227050781,2600,1,0.825,5967.529968261719,2600,1,0.83125,5967.529968261719,2600,1,0.83125,6955.805755615234,2600,1,0.825,6955.806579589844,2600,1,0.825,5620.0538330078125,2600,1,0.825,5620.0538330078125,2625,1,0.825,43609.8973236084,3552,1886,4441,1102,3552,3553,4440,4437,3730,1102,3548,2567,4244,4135,3553,1102,0,100,100,0,100,0,100,100,0,100,100,5,9.523809432983398,100,100,100,13958320128,0,11317051392,0
199,1759422982730,6003.180923461914,2925,1,0.8875,6003.180923461914,2925,1,0.8875,5967.802886962891,2925,1,0.8875,5967.802886962891,2925,1,0.8875,6956.0765380859375,2925,1,0.88125,6956.0765380859375,2925,1,0.88125,5620.359634399414,2340,1,0.7875,5620.359634399414,2340,1,0.7875,43614.85461425781,3552,1886,4441,1102,3552,3553,4440,4437,3730,1102,3548,2567,4244,4135,3553,1102,10,97.5,92.5,10,100,4.878048419952393,97.43589782714844,100,5,100,100,2.5,0,97.56097412109375,90,100,13958320128,0,11306676224,0
199,1759422982930,6003.230331420898,3020,1,0.90625,6003.230331420898,3020,1,0.90625,5967.827209472656,3020,1,0.90625,5967.827209472656,3020,1,0.90625,6956.8668212890625,3775,0,1.0875,6956.8668212890625,3775,0,1.0875,5620.381134033203,3020,1,0.90625,5620.381134033203,2980,1,0.90625,43619.829025268555,3552,1886,4441,1102,3552,3553,4440,4437,3730,1102,3548,2567,4244,4135,3553,1102,5,0,80,10,100,0,0,100,0,5,100,4.761904716491699,0,0,0,19.047618865966797,13958320128,0,11312762880,0
199,1759422983131,6003.682632446289,2525,1,0.8125,6003.682632446289,2500,1,0.8125,5968.273208618164,2500,1,0.8125,5968.273208618164,2500,1,0.8125,6957.359771728516,2500,1,0.80625,6957.359771728516,2500,1,0.80625,5620.819473266602,2500,1,0.8125,5620.819473266602,2500,1,0.8125,43624.87194824219,3552,1886,4441,1102,3552,3553,4440,4437,3730,1102,3548,2567,4244,4135,3553,1102,5,94.73684692382813,20,95,100,0,95,100,10,95.23809814453125,100,95,95,0,95,5,13958320128,0,11116019712,0
199,1759422983331,6004.022750854492,3200,0,0.9625,6004.022750854492,3200,1,0.9375,5968.611557006836,3200,1,0.94375,5968.611557006836,3200,1,0.94375,6958.222473144531,3200,1,0.9375,6958.222473144531,3200,1,0.9375,5621.15348815918,3200,1,0.94375,5621.15348815918,3200,1,0.94375,43629.81007385254,3552,1886,4441,1102,3552,3553,4440,4437,3730,1102,3548,2567,4244,4135,3553,1102,5,94.73684692382813,20,95,100,0,95,100,10,95.23809814453125,100,95,95,0,95,5,13958320128,0,11116019712,0
199,1759422983531,6004.389999389648,2375,1,0.7875,6004.389999389648,2375,1,0.7875,5969.19548034668,2375,1,0.79375,5969.19548034668,2375,1,0.79375,6958.764266967773,2375,1,0.78125,6958.76643371582,2375,1,0.78125,5621.556854248047,2375,1,0.7875,5621.556854248047,2375,1,0.7875,43634.875061035156,3552,1886,4441,1102,3552,3553,4440,4437,3730,1102,3548,2567,4244,4135,3553,1102,2.5641026496887207,97.56097412109375,2.5,100,100,2.5,59.523807525634766,100,37.5,97.5,60.97561264038086,100,97.56097412109375,0,78.04877471923828,58.536582946777344,13958320128,0,11066810368,0
199,1759422983731,6004.759124755859,3075,1,0.91875,6004.759124755859,3075,1,0.91875,5969.928512573242,3075,1,0.91875,5969.928512573242,3075,1,0.91875,6959.1282958984375,3075,1,0.91875,6959.1282958984375,3075,1,0.91875,5621.917251586914,3075,1,0.91875,5621.917251586914,3075,1,0.91875,43639.81562805176,3552,1886,4441,1102,3552,3553,4440,4437,3730,1102,3548,2567,4244,4135,3553,1102,2.5641026496887207,97.56097412109375,2.5,100,100,2.5,59.523807525634766,100,37.5,97.5,60.97561264038086,100,97.56097412109375,0,78.04877471923828,58.536582946777344,13958320128,0,11070906368,0
199,1759422983931,6005.139373779297,2500,1,0.8125,6005.139373779297,2500,1,0.8125,5970.801742553711,2500,1,0.8125,5970.801742553711,2500,1,0.8125,6959.50456237793,2500,1,0.80625,6959.505615234375,2500,1,0.80625,5622.290008544922,2500,1,0.8125,5622.290008544922,3300,1,0.96875,43644.80993652344,3552,1886,4441,1102,3552,3553,4440,4437,3730,1102,3548,2567,4244,4135,3553,1102,2.5641026496887207,100,5.128205299377441,100,100,4.878048419952393,51.28205490112305,50,100,100,51.28205490112305,50,100,4.878048419952393,100,100,13958320128,0,11029692416,0
199,1759422984131,6005.583068847656,3675,0,1.05625,6005.583068847656,3675,0,1.05625,5971.519805908203,3675,0,1.0625,5971.519805908203,3675,0,1.0625,6959.946151733398,3675,0,1.0625,6959.948150634766,3675,0,1.0625,5622.727828979492,3625,0,1.0625,5622.727828979492,3625,0,1.0437500000000002,43649.78610229492,3552,1886,4441,1102,3552,3553,4440,4437,3730,1102,3548,2567,4244,4135,3553,1102,5.263157844543457,100,4.761904716491699,100,100,5.263157844543457,100,15.789472579956055,100,100,100,5,100,5.263157844543457,85,100,13958320128,0,11257720832,0
199,1759422984331,6005.98762512207,3325,0,0.96875,6005.98762512207,3325,0,0.96875,5972.22428894043,3325,0,0.975,5972.22428894043,3325,0,0.975,6960.34684753418,3325,0,0.96875,6960.348327636719,3325,0,0.96875,5623.133255004883,3325,0,0.96875,5623.133255004883,3325,0,0.96875,43654.78109741211,3552,1886,4441,1102,3552,3553,4440,4437,3730,1102,3548,2567,4244,4135,3553,1102,5.263157844543457,100,4.761904716491699,100,100,5.263157844543457,100,15.789472579956055,100,100,100,5,100,5.263157844543457,85,100,13958320128,0,11171708928,0
199,1759422984531,6006.408767700195,3450,0,0.99375,6006.408767700195,3450,0,0.99375,5972.8079833984375,3450,0,1,5972.8079833984375,3450,0,1,6960.770172119141,3450,0,1,6960.770172119141,3450,0,1,5623.552276611328,3450,0,1,5623.552276611328,3450,0,1,43659.763107299805,3552,1886,4441,1102,3552,3553,4440,4437,3730,1102,3548,2567,4244,4135,3553,1102,7.500000476837158,100,89.74359130859375,10.256410598754883,100,25.641027450561523,100,87.80487823486328,100,100,100,2.5641026496887207,100,7.500000476837158,7.500000476837158,100,13958320128,0,11789303808,0
199,1759422984731,6006.800186157227,3625,0,1.0437500000000002,6006.800186157227,3625,0,1.0437500000000002,5973.365997314453,3625,0,1.05,5973.365997314453,3525,0,1.05,6961.160446166992,3525,0,1.01875,6961.160446166992,3525,0,1.01875,5623.942855834961,3525,0,1.01875,5623.942855834961,3525,0,1.01875,43664.732330322266,3552,1886,4441,1102,3552,3553,4440,4437,3730,1102,3548,2567,4244,4135,3553,1102,7.500000476837158,100,89.74359130859375,10.256410598754883,100,25.641027450561523,100,87.80487823486328,100,100,100,2.5641026496887207,100,7.500000476837158,7.500000476837158,100,13958320128,0,11755274240,0
199,1759422984931,6007.274597167969,2575,1,0.825,6007.274597167969,2575,1,0.825,5973.977722167969,2575,1,0.825,5973.977722167969,2575,1,0.825,6961.631118774414,2575,1,0.81875,6961.631118774414,2575,1,0.81875,5624.414764404297,2575,1,0.825,5624.414764404297,2575,1,0.825,43669.78086853027,3552,1886,4441,1102,3552,3553,4440,4437,3730,1102,3548,2567,4244,4135,3553,1102,0,100,56.09756088256836,48.780487060546875,100,25,100,79.4871826171875,100,100,55,47.5,100,2.5641026496887207,2.5,100,13958320128,0,12033671168,0
199,1759422985131,6007.697372436523,3200,1,0.94375,6007.697372436523,3200,1,0.94375,5974.681655883789,3200,1,0.94375,5974.681655883789,3200,1,0.94375,6962.04557800293,3200,1,0.94375,6962.04557800293,3200,1,0.94375,5624.834091186523,3200,1,0.94375,5624.834091186523,3200,1,0.94375,43674.722732543945,3552,1886,4441,1102,3552,3553,4440,4437,3730,1102,3548,2567,4244,4135,3553,1102,0,100,56.09756088256836,48.780487060546875,100,25,100,79.4871826171875,100,100,55,47.5,100,2.5641026496887207,2.5,100,13958320128,0,12347076608,0
199,1759422985331,6008.008773803711,3700,0,1.0625,6008.008773803711,3550,0,1.0625,5975.594680786133,3550,0,1.025,5975.594680786133,3550,0,1.025,6962.385345458984,3550,0,1.025,6962.385345458984,3550,0,1.025,5625.14582824707,3550,0,1.025,5625.14582824707,3550,0,1.025,43679.70378112793,3552,1886,4441,1102,3552,3553,4440,4437,3730,1102,3548,2567,4244,4135,3553,1102,5,100,20.512821197509766,84.61538696289063,100,15.000000953674316,87.5,97.5,89.74359130859375,100,12.5,97.56097412109375,84.61538696289063,20,15.000000953674316,100,13958320128,0,11970285568,0
199,1759422985531,6008.373016357422,3560,0,1.025,6008.373016357422,3560,0,1.025,5975.958938598633,3560,0,1.03125,5975.958938598633,3560,0,1.03125,6962.891296386719,3560,0,1.03125,6962.891296386719,3560,0,1.03125,5625.531845092773,3560,0,1.03125,5625.532257080078,3560,0,1.03125,43684.65791320801,3552,1886,4441,1102,3552,3553,4440,4437,3730,1102,3548,2567,4244,4135,3553,1102,5,95,90.47618865966797,0,95,50,89.47368621826172,55,5,94.73684692382813,95,94.73684692382813,95,10,5.263157844543457,94.73684692382813,13958320128,0,10907299840,0
199,1759422985732,6008.568496704102,3225,0,0.95,6008.568496704102,3225,0,0.95,5976.151611328125,3225,0,0.95,5976.151611328125,3225,0,0.95,6963.10905456543,2850,1,0.86875,6963.10905456543,2850,1,0.86875,5625.687850952148,2850,1,0.875,5625.687850952148,2850,1,0.875,43689.318939208984,3552,1886,4441,1102,3552,3553,4440,4437,3730,1102,3548,2567,4244,4135,3553,1102,0,25,26.3157901763916,10,28.571430206298828,5,28.571430206298828,100,5,31.81818199157715,30.000001907348633,28.571430206298828,28.571430206298828,0,9.090909004211426,25,13958320128,0,10907152384,0
199,1759422985932,6008.988296508789,3150,1,0.93125,6008.988296508789,3150,1,0.93125,5976.560150146484,3150,1,0.9375,5976.560150146484,3150,1,0.9375,6963.734558105469,3150,1,0.93125,6963.734558105469,3150,1,0.93125,5626.094375610352,3150,1,0.93125,5626.095596313477,3150,1,0.93125,43694.30920410156,3552,1886,4441,1102,3552,3553,4440,4437,3730,1102,3548,2567,4244,4135,3553,1102,0,25,26.3157901763916,10,28.571430206298828,5,28.571430206298828,100,5,31.81818199157715,30.000001907348633,28.571430206298828,28.571430206298828,0,9.090909004211426,25,13958320128,0,10898550784,0
199,1759422986132,6009.384124755859,2850,1,0.86875,6009.384124755859,2850,1,0.86875,5976.9447021484375,2850,1,0.875,5976.9447021484375,2850,1,0.875,6964.302474975586,2850,1,0.86875,6964.302474975586,2850,1,0.86875,5626.481262207031,2850,1,0.875,5626.481262207031,2850,1,0.875,43699.28775024414,3552,1886,4441,1102,3552,3553,4440,4437,3730,1102,3548,2567,4244,4135,3553,1102,7.692307949066162,100,100,0,100,2.5,100,100,5,100,100,100,100,2.5641026496887207,2.5641026496887207,100,13958320128,0,11015790592,0
199,1759422986332,6009.807037353516,3675,0,1.05625,6009.807037353516,3675,0,1.05625,5977.356185913086,3675,0,1.0625,5977.356185913086,3675,0,1.0625,6964.878341674805,3675,0,1.05625,6964.878341674805,3675,0,1.05625,5626.894683837891,3675,0,1.0625,5626.894683837891,3675,0,1.0625,43704.23945617676,3552,1886,4441,1102,3552,3553,4440,4437,3730,1102,3548,2567,4244,4135,3553,1102,7.692307949066162,100,100,0,100,2.5,100,100,5,100,100,100,100,2.5641026496887207,2.5641026496887207,100,13958320128,0,11015790592,0
199,1759422986532,6010.260604858398,3625,0,1.0437500000000002,6010.260604858398,3625,0,1.0437500000000002,5977.796981811523,3625,0,1.0437500000000002,5977.796981811523,3625,0,1.0437500000000002,6965.319274902344,3625,0,1.0437500000000002,6965.319274902344,3625,0,1.0437500000000002,5627.336837768555,3625,0,1.0437500000000002,5627.336837768555,3625,0,1.0437500000000002,43709.242736816406,3552,1886,4441,1102,3552,3553,4440,4437,3730,1102,3548,2567,4244,4135,3553,1102,5,100,100,2.5,100,0,27.5,100,2.5,100,32.5,100,100,2.5,69.23077392578125,27.5,13958320128,0,11015790592,0
199,1759422986732,6010.7349853515625,3000,1,0.9,6010.7349853515625,3000,1,0.9,5978.27473449707,3000,1,0.90625,5978.27473449707,3000,1,0.90625,6965.791427612305,3000,1,0.9,6965.791427612305,3000,1,0.9,5627.811004638672,3000,1,0.9,5627.811004638672,3000,1,0.9,43714.26858520508,3552,1886,4441,1102,3552,3553,4440,4437,3730,1102,3548,2567,4244,4135,3553,1102,5,100,100,0,100,5,5,100,5,100,0,100,100,4.761904716491699,100,0,13958320128,0,11015790592,0
199,1759422986932,6011.169662475586,3600,0,1.0375,6011.169662475586,3600,0,1.0375,5978.713806152344,3600,0,1.0375,5978.713806152344,3600,0,1.0375,6966.227493286133,3600,0,1.0375,6966.227493286133,3600,0,1.0375,5628.247543334961,3600,0,1.0437500000000002,5628.249465942383,3600,0,1.0437500000000002,43719.239807128906,3552,1886,4441,1102,3552,3553,4440,4437,3730,1102,3548,2567,4244,4135,3553,1102,5,100,100,0,100,5,5,100,5,100,0,100,100,4.761904716491699,100,0,13958320128,0,11011907584,0
199,1759422987132,6011.426696777344,3050,1,0.9125,6011.426696777344,3050,1,0.9125,5978.980514526367,3050,1,0.9125,5978.98274230957,3050,1,0.9125,6966.520248413086,3000,1,0.90625,6966.520248413086,3000,1,0.9,5628.506210327148,3000,1,0.90625,5628.506210327148,3000,1,0.90625,43723.85661315918,3552,1886,4441,1102,3552,3553,4440,4437,3730,1102,3548,2567,4244,4135,3553,1102,9.523809432983398,57.894737243652344,60.000003814697266,4.761904716491699,60.000003814697266,0,60.000003814697266,100,0,60.000003814697266,15.000000953674316,60.000003814697266,61.904762268066406,9.523809432983398,47.619049072265625,60.000003814697266,13958320128,0,11095715840,0
199,1759422987332,6011.833526611328,2550,1,0.81875,6011.833526611328,2550,1,0.81875,5979.384872436523,2550,1,0.81875,5979.384872436523,2550,1,0.81875,6967.196624755859,2550,1,0.8125,6967.196624755859,2550,1,0.8125,5628.909896850586,2550,1,0.81875,5628.912460327148,2550,1,0.81875,43728.89506530762,3552,1886,4441,1102,3552,3553,4440,4437,3730,1102,3548,2567,4244,4135,3553,1102,9.523809432983398,57.894737243652344,60.000003814697266,4.761904716491699,60.000003814697266,0,60.000003814697266,100,0,60.000003814697266,15.000000953674316,60.000003814697266,61.904762268066406,9.523809432983398,47.619049072265625,60.000003814697266,13958320128,0,11119702016,0
199,1759422987532,6012.255630493164,2475,1,0.80625,6012.255630493164,2475,1,0.80625,5979.804443359375,2475,1,0.80625,5979.804443359375,2475,1,0.80625,6967.899917602539,2475,1,0.8,6967.899917602539,2475,1,0.8,5629.327163696289,2475,1,0.80625,5629.327163696289,2475,1,0.80625,43733.8751373291,3552,1886,4441,1102,3552,3553,4440,4437,3730,1102,3548,2567,4244,4135,3553,1102,5,100,100,2.5,100,32.5,100,92.30769348144531,5.128205299377441,100,100,100,100,2.5641026496887207,5,100,13958320128,0,11033522176,0
199,1759422987732,6012.659820556641,3675,0,1.05625,6012.662567138672,3675,0,1.05625,5980.205902099609,3550,0,1.05625,5980.205902099609,3550,0,1.03125,6968.626800537109,3550,0,1.025,6968.626800537109,3550,0,1.025,5629.729476928711,3550,0,1.025,5629.729476928711,3550,0,1.025,43738.838150024414,3552,1886,4441,1102,3552,3553,4440,4437,3730,1102,3548,2567,4244,4135,3553,1102,0,100,100,5,100,15.000000953674316,100,90.47618865966797,9.090909004211426,100,100,100,100,0,0,100,13958320128,0,11184369664,0
199,1759422987932,6013.075469970703,3200,1,0.9375,6013.075469970703,3100,1,0.9375,5980.613922119141,3100,1,0.925,5980.613922119141,3100,1,0.925,6969.365341186523,3100,1,0.91875,6969.365341186523,3100,1,0.91875,5630.138870239258,3100,1,0.925,5630.138870239258,3100,1,0.925,43743.8292388916,3552,1886,4441,1102,3552,3553,4440,4437,3730,1102,3548,2567,4244,4135,3553,1102,0,100,100,5,100,15.000000953674316,100,90.47618865966797,9.090909004211426,100,100,100,100,0,0,100,13958320128,0,11283247104,0
199,1759422988133,6013.489166259766,2625,1,0.83125,6013.489166259766,2625,1,0.83125,5981.021331787109,2625,1,0.83125,5981.021331787109,2625,1,0.83125,6970.101898193359,2625,1,0.825,6970.101898193359,2625,1,0.825,5630.58837890625,2625,1,0.83125,5630.58837890625,2625,1,0.83125,43748.840911865234,3552,1886,4441,1102,3552,3553,4440,4437,3730,1102,3548,2567,4244,4135,3553,1102,5,100,100,2.5641026496887207,100,5.128205299377441,100,94.87179565429688,2.5641026496887207,100,100,100,100,12.5,2.5,100,13958320128,0,11211124736,0
199,1759422988333,6013.902069091797,2550,1,0.81875,6013.902069091797,2550,1,0.81875,5981.427780151367,2525,1,0.81875,5981.427780151367,2525,1,0.81875,6970.837692260742,2525,1,0.8125,6970.837692260742,2525,1,0.8125,5631.015411376953,2525,1,0.8125,5631.015411376953,2525,1,0.8125,43753.84071350098,3552,1886,4441,1102,3552,3553,4440,4437,3730,1102,3548,2567,4244,4135,3553,1102,0,100,100,5,9.523809432983398,95,100,95.23809814453125,0,100,100,100,100,15.000000953674316,5,100,13958320128,0,11229462528,0
199,1759422988533,6014.2978515625,2400,1,0.79375,6014.2978515625,2400,1,0.79375,5981.815933227539,2400,1,0.79375,5981.815933227539,2425,1,0.8,6971.4183349609375,2425,1,0.79375,6971.4183349609375,2425,1,0.79375,5631.455352783203,2425,1,0.8,5631.455352783203,2425,1,0.8,43758.85301208496,3552,1886,4441,1102,3552,3553,4440,4437,3730,1102,3548,2567,4244,4135,3553,1102,5,100,100,0,5.263157844543457,100,100,94.73684692382813,5,100,100,100,100,26.3157901763916,5,100,13958320128,0,11193176064,0
199,1759422988733,6014.693923950195,2475,1,0.80625,6014.693923950195,2475,1,0.80625,5982.203750610352,2475,1,0.80625,5982.203750610352,2475,1,0.80625,6971.901168823242,2475,1,0.8,6971.90283203125,2475,1,0.8,5631.852752685547,2550,1,0.80625,5631.852752685547,2550,1,0.81875,43763.849700927734,3552,1886,4441,1102,3552,3553,4440,4437,3730,1102,3548,2567,4244,4135,3553,1102,0,100,100,9.523809432983398,5,100,100,100,0,100,100,100,100,0,0,100,13958320128,0,11192676352,0
199,1759422988933,6015.102966308594,2325,1,0.78125,6015.102966308594,2325,1,0.78125,5982.596130371094,2325,1,0.78125,5982.596130371094,2325,1,0.78125,6972.388168334961,2325,1,0.775,6972.388168334961,2325,1,0.775,5632.241012573242,2325,1,0.78125,5632.241012573242,2350,1,0.7875,43768.85188293457,3552,1886,4441,1102,3552,3553,4440,4437,3730,1102,3548,2567,4244,4135,3553,1102,9.523809432983398,100,100,0,10,100,100,100,0,100,100,100,100,5,4.761904716491699,100,13958320128,0,11192078336,0
199,1759422989133,6015.521270751953,2350,1,0.7875,6015.521270751953,2350,1,0.7875,5982.992462158203,2350,1,0.7875,5982.992462158203,2350,1,0.7875,6972.882873535156,2350,1,0.78125,6972.882873535156,2350,1,0.78125,5632.634216308594,2350,1,0.7875,5632.634216308594,2350,1,0.7875,43773.82566833496,3552,1886,4441,1102,3552,3553,4440,4437,3730,1102,3548,2567,4244,4135,3553,1102,5,100,100,5,0,100,100,100,9.523809432983398,100,100,100,100,0,5,100,13958320128,0,11208003584,0
199,1759422989333,6015.932876586914,2375,1,0.7875,6015.932876586914,2375,1,0.7875,5983.382553100586,2375,1,0.79375,5983.382553100586,2375,1,0.79375,6973.370086669922,2375,1,0.7875,6973.370086669922,2375,1,0.7875,5633.026123046875,2375,1,0.7875,5633.026123046875,2375,1,0.7875,43778.8231048584,3552,1886,4441,1102,3552,3553,4440,4437,3730,1102,3548,2567,4244,4135,3553,1102,85,15.789472579956055,100,9.523809432983398,9.523809432983398,100,100,100,5,100,100,100,100,0,0,100,13958320128,0,11215966208,0
199,1759422989533,6016.319869995117,2700,1,0.84375,6016.319869995117,2700,1,0.84375,5983.7987060546875,2525,1,0.85,5983.7987060546875,2525,1,0.81875,6973.876129150391,2525,1,0.8125,6973.876129150391,2525,1,0.8125,5633.4354248046875,2525,1,0.8125,5633.4354248046875,2525,1,0.8125,43783.78840637207,3552,1886,4441,1102,3552,3553,4440,4437,3730,1102,3548,2567,4244,4135,3553,1102,100,5,100,5.263157844543457,0,100,100,100,0,100,100,100,100,5,4.761904716491699,100,13958320128,0,11223928832,0
199,1759422989733,6016.625030517578,2800,1,0.8625,6016.628860473633,2800,1,0.8625,5984.055114746094,2800,1,0.86875,5984.055114746094,2800,1,0.86875,6974.802719116211,2850,1,0.86875,6974.802719116211,2850,1,0.86875,5633.793045043945,2850,1,0.875,5633.793045043945,2850,1,0.875,43788.77275085449,3552,1886,4441,1102,3552,3553,4440,4437,3730,1102,3548,2567,4244,4135,3553,1102,100,0,100,5,0,100,78.94737243652344,100,0,100,85,100,100,0,25,70,13958320128,0,11230703616,0
199,1759422989933,6016.68782043457,2600,1,0.825,6016.68782043457,2600,1,0.825,5984.136993408203,2600,1,0.83125,5984.136993408203,2600,1,0.83125,6975.612487792969,2600,1,0.825,6975.612487792969,2600,1,0.825,5633.835113525391,2675,1,0.84375,5633.835113525391,2675,1,0.84375,43793.76336669922,3552,1886,4441,1102,3552,3553,4440,4437,3730,1102,3548,2567,4244,4135,3553,1102,5,0,90,0,95,4.761904716491699,0,100,10.526315689086914,5,0,100,4.761904716491699,0,5,5,13958320128,0,11222892544,0
199,1759422990133,6017.184478759766,2525,1,0.8125,6017.184478759766,2525,1,0.8125,5984.644744873047,2525,1,0.81875,5984.644744873047,2525,1,0.81875,6976.098937988281,2525,1,0.8125,6976.098937988281,2525,1,0.8125,5634.2447509765625,2525,1,0.8125,5634.2447509765625,2475,1,0.8125,43798.78681945801,3552,1886,4441,1102,3552,3553,4440,4437,3730,1102,3548,2567,4244,4135,3553,1102,100,5,100,9.523809432983398,100,100,0,100,100,100,0,100,78.94737243652344,14.285715103149414,25,100,13958320128,0,11028758528,0
199,1759422990333,6017.493103027344,3225,0,0.95,6017.493103027344,3225,0,0.95,5985.546142578125,3225,0,0.95,5985.546142578125,3225,0,0.95,6976.406921386719,3225,0,0.94375,6976.406921386719,3225,0,0.94375,5634.598876953125,3225,0,0.95,5634.598876953125,3225,0,0.95,43803.69834899902,3552,1886,4441,1102,3552,3553,4440,4437,3730,1102,3548,2567,4244,4135,3553,1102,100,5,100,9.523809432983398,100,100,0,100,100,100,0,100,78.94737243652344,14.285715103149414,25,100,13958320128,0,11028758528,0
199,1759422990534,6017.881057739258,2375,1,0.7875,6017.881057739258,2375,1,0.7875,5986.066101074219,2375,1,0.79375,5986.066101074219,2375,1,0.79375,6977.035446166992,2375,1,0.78125,6977.035446166992,2375,1,0.78125,5635.003753662109,2375,1,0.7875,5635.003753662109,2375,1,0.7875,43808.76466369629,3552,1886,4441,1102,3552,3553,4440,4437,3730,1102,3548,2567,4244,4135,3553,1102,100,5,90,15.000000953674316,57.5,100,43.90243911743164,94.87179565429688,58.536582946777344,100,45,97.43589782714844,92.68292999267578,7.692307949066162,0,97.56097412109375,13958320128,0,10982879232,0
200,1759422990734,6018.250274658203,3100,1,0.925,6018.252243041992,3100,1,0.925,5986.426177978516,3100,1,0.925,5986.426177978516,3100,1,0.925,6977.814300537109,3025,1,0.91875,6977.814300537109,3025,1,0.90625,5635.360549926758,3025,1,0.90625,5635.360549926758,3025,1,0.90625,43813.70448303223,3552,1886,4441,1102,3552,3553,4440,4437,3730,1102,3548,2567,4244,4135,3553,1102,100,5,90,15.000000953674316,57.5,100,43.90243911743164,94.87179565429688,58.536582946777344,100,45,97.43589782714844,92.68292999267578,7.692307949066162,0,97.56097412109375,13958320128,0,10999111680,0
199,1759422990934,6018.658203125,3675,0,1.05625,6018.658203125,3675,0,1.05625,5986.811431884766,3675,0,1.05625,5986.811431884766,3675,0,1.05625,6978.655319213867,3675,0,1.05625,6978.655319213867,3675,0,1.05625,5635.753326416016,3675,0,1.0625,5635.753326416016,3675,0,1.0625,43818.73945617676,3552,1886,4441,1102,3552,3553,4440,4437,3730,1102,3548,2567,4244,4135,3553,1102,100,10,2.5,100,4.878048419952393,100,100,100,0,100,100,100,89.74359130859375,15.000000953674316,0,100,13958320128,0,10955141120,0
199,1759422991134,6019.0958251953125,3600,0,1.0375,6019.0958251953125,3600,0,1.0375,5987.247161865234,3600,0,1.0375,5987.247161865234,3600,0,1.0375,6979.363372802734,3600,0,1.0375,6979.363372802734,3600,0,1.0375,5636.1834716796875,3600,0,1.0437500000000002,5636.1834716796875,3600,0,1.0437500000000002,43823.673583984375,3552,1886,4441,1102,3552,3553,4440,4437,3730,1102,3548,2567,4244,4135,3553,1102,100,0,0,100,5,100,100,95,9.523809432983398,100,100,100,100,0,10,100,13958320128,0,11261034496,0
199,1759422991334,6019.486373901367,3600,0,1.0375,6019.486373901367,3600,0,1.0375,5987.635528564453,3600,0,1.0375,5987.635528564453,3500,0,1.0375,6980.073348999023,3500,0,1.0125000000000002,6980.073348999023,3500,0,1.0125000000000002,5636.568420410156,3500,0,1.01875,5636.568420410156,3500,0,1.01875,43828.6618347168,3552,1886,4441,1102,3552,3553,4440,4437,3730,1102,3548,2567,4244,4135,3553,1102,100,0,0,100,5,100,100,95,9.523809432983398,100,100,100,100,0,10,100,13958320128,0,11107622912,0
199,1759422991534,6019.908599853516,3500,0,1.0125000000000002,6019.908599853516,3500,0,1.0125000000000002,5988.047607421875,3500,0,1.0125000000000002,5988.04931640625,3500,0,1.0125000000000002,6980.652755737305,3500,0,1.0125000000000002,6980.652755737305,3500,0,1.0125000000000002,5636.989837646484,3325,0,1.01875,5636.989837646484,3325,0,0.975,43833.654220581055,3552,1886,4441,1102,3552,3553,4440,4437,3730,1102,3548,2567,4244,4135,3553,1102,40,65,2.5641026496887207,100,7.500000476837158,100,100,90,2.5641026496887207,100,100,100,100,2.5641026496887207,25,100,13958320128,0,11866271744,0
199,1759422991734,6020.312271118164,2625,1,0.83125,6020.312271118164,2625,1,0.83125,5988.4423828125,2625,1,0.83125,5988.4423828125,2625,1,0.83125,6981.224868774414,2575,1,0.81875,6981.224868774414,2575,1,0.81875,5637.386169433594,2575,1,0.825,5637.386169433594,2575,1,0.825,43838.67582702637,3552,1886,4441,1102,3552,3553,4440,4437,3730,1102,3548,2567,4244,4135,3553,1102,5.263157844543457,100,9.523809432983398,100,5,100,100,57.142860412597656,9.523809432983398,100,100,100,100,5,42.105262756347656,100,13958320128,0,11758309376,0
199,1759422991934,6020.782608032227,2550,1,0.81875,6020.782608032227,2550,1,0.81875,5988.908874511719,2550,1,0.81875,5988.908874511719,2550,1,0.81875,6981.819427490234,2550,1,0.8125,6981.822418212891,2550,1,0.8125,5637.852020263672,2575,1,0.81875,5637.852020263672,2575,1,0.825,43843.69528198242,3552,1886,4441,1102,3552,3553,4440,4437,3730,1102,3548,2567,4244,4135,3553,1102,0,100,0,100,0,100,100,100,5,100,100,100,100,0,0,100,13958320128,0,12119044096,0
199,1759422992134,6021.199554443359,3250,0,0.95,6021.199554443359,3250,0,0.95,5989.323043823242,3250,0,0.95625,5989.324523925781,3250,0,0.95625,6982.546569824219,3250,0,0.95,6982.546569824219,3250,0,0.95,5638.262466430664,3150,0,0.95625,5638.262466430664,3150,1,0.93125,43848.637634277344,3552,1886,4441,1102,3552,3553,4440,4437,3730,1102,3548,2567,4244,4135,3553,1102,0,100,0,100,0,100,100,100,5,100,100,100,100,0,0,100,13958320128,0,12423405568,0
199,1759422992334,6021.508514404297,2920,1,0.88125,6021.508514404297,2920,1,0.88125,5989.638320922852,3650,0,1.05,5989.638320922852,3650,0,1.05,6983.495300292969,3650,0,1.05625,6983.495300292969,3650,0,1.05625,5638.579010009766,3650,0,1.05,5638.579010009766,3650,0,1.05,43853.58955383301,3552,1886,4441,1102,3552,3553,4440,4437,3730,1102,3548,2567,4244,4135,3553,1102,2.5,97.5,15.384615898132324,100,5,97.5,87.17948913574219,97.5,5,97.5,100,100,100,0,15.384615898132324,100,13958320128,0,11924992000,0
199,1759422992534,6021.839996337891,3560,0,1.025,6021.839996337891,3560,0,1.025,5989.981506347656,3560,0,1.03125,5989.981506347656,3560,0,1.03125,6983.987777709961,3560,0,1.03125,6983.987777709961,3560,0,1.03125,5638.992111206055,3560,0,1.03125,5638.992111206055,3560,0,1.03125,43858.51972961426,3552,1886,4441,1102,3552,3553,4440,4437,3730,1102,3548,2567,4244,4135,3553,1102,84.21052551269531,9.523809432983398,40,90,0,90,90,65,0,90,90,89.47368621826172,42.85714340209961,54.54545593261719,10,90,13958320128,0,11010002944,0
199,1759422992734,6021.883712768555,3560,0,1.025,6021.883712768555,3560,0,1.025,5990.008834838867,3560,0,1.03125,5990.008834838867,3560,0,1.03125,6984.015075683594,3560,0,1.025,6984.015075683594,3560,0,1.025,5639.058502197266,3560,0,1.03125,5639.058502197266,3560,0,1.03125,43862.635177612305,3552,1886,4441,1102,3552,3553,4440,4437,3730,1102,3548,2567,4244,4135,3553,1102,0,4.761904716491699,0,0,0,0,0,100,0,0,4.761904716491699,0,0,0,4.761904716491699,0,13958320128,0,11006255104,0
199,1759422992934,6022.086120605469,3150,1,0.93125,6022.086120605469,3150,1,0.93125,5990.224685668945,3150,1,0.9375,5990.227478027344,3150,1,0.9375,6984.349334716797,3150,1,0.93125,6984.349334716797,3275,1,0.93125,5639.295471191406,3275,0,0.9625,5639.295471191406,3275,0,0.9625,43867.40376281738,3552,1886,4441,1102,3552,3553,4440,4437,3730,1102,3548,2567,4244,4135,3553,1102,42.85714340209961,0,5,35,5.263157844543457,40,42.85714340209961,100,42.85714340209961,0,40,40,0,40,5,38.095237731933594,13958320128,0,10997141504,0
199,1759422993135,6022.490585327148,3325,0,0.96875,6022.490585327148,3325,0,0.96875,5990.627426147461,3325,0,0.975,5990.627426147461,3325,0,0.975,6984.982208251953,3325,0,0.96875,6984.982208251953,3325,0,0.96875,5639.692611694336,3325,0,0.975,5639.692611694336,3325,0,0.975,43872.40719604492,3552,1886,4441,1102,3552,3553,4440,4437,3730,1102,3548,2567,4244,4135,3553,1102,100,10,5.263157844543457,100,13.636363983154297,100,100,100,100,9.090909004211426,100,100,0,100,0,100,13958320128,0,10981847040,0
200,1759422993335,6022.891815185547,3225,0,0.94375,6022.891815185547,3225,0,0.94375,5991.025634765625,3225,0,0.95,5991.025634765625,3125,0,0.95,6985.568130493164,3125,1,0.925,6985.568130493164,3125,1,0.925,5640.078720092773,3125,1,0.93125,5640.078720092773,3125,1,0.93125,43877.37828063965,3552,1886,4441,1102,3552,3553,4440,4437,3730,1102,3548,2567,4244,4135,3553,1102,100,10,5.263157844543457,100,13.636363983154297,100,100,100,100,9.090909004211426,100,100,0,100,0,100,13958320128,0,10981847040,0
199,1759422993536,6023.315643310547,3725,0,1.06875,6023.315643310547,3725,0,1.06875,5991.452331542969,3725,0,1.075,5991.452331542969,3725,0,1.075,6986.119384765625,3725,0,1.075,6986.119384765625,3725,0,1.075,5640.504898071289,3725,0,1.075,5640.504898071289,3625,0,1.075,43882.41435241699,3552,1886,4441,1102,3552,3553,4440,4437,3730,1102,3548,2567,4244,4135,3553,1102,100,5.128205299377441,5,100,2.5641026496887207,100,100,100,100,5.263157844543457,100,100,5,100,5,100,13958320128,0,10989809664,0
198,1759422993736,6023.7452392578125,3775,0,1.08125,6023.7452392578125,3775,0,1.08125,5991.873077392578,3775,0,1.0875,5991.873077392578,3775,0,1.0875,6986.711318969727,3775,0,1.0875,6986.711318969727,3775,0,1.0875,5640.931793212891,3775,0,1.0875,5640.931793212891,3775,0,1.0875,43887.41436767578,3552,1886,4441,1102,3552,3553,4440,4437,3730,1102,3548,2567,4244,4135,3553,1102,100,10.526315689086914,5,100,5,100,100,100,100,10,100,100,0,100,5,100,13958320128,0,11019993088,0
199,1759422993935,6024.123992919922,3500,0,1.0437500000000002,6024.123992919922,3500,0,1.0125000000000002,5992.247024536133,3500,0,1.0125000000000002,5992.247024536133,3500,0,1.0125000000000002,6987.257843017578,3500,0,1.0125000000000002,6987.257843017578,3500,0,1.0125000000000002,5641.309432983398,3500,0,1.01875,5641.309432983398,3500,0,1.01875,43892.33419799805,3552,1886,4441,1102,3552,3553,4440,4437,3730,1102,3548,2567,4244,4135,3553,1102,100,10.526315689086914,5,100,5,100,100,100,100,10,100,100,0,100,5,100,13958320128,0,11076456448,0
199,1759422994135,6024.545455932617,3700,0,1.0625,6024.547546386719,3700,0,1.0625,5992.66650390625,3700,0,1.06875,5992.66650390625,3575,0,1.06875,6987.828369140625,3575,0,1.03125,6987.828369140625,3575,0,1.03125,5641.73713684082,3575,0,1.03125,5641.73713684082,3575,0,1.03125,43897.331802368164,3552,1886,4441,1102,3552,3553,4440,4437,3730,1102,3548,2567,4244,4135,3553,1102,10.256410598754883,90,20,79.4871826171875,0,100,80.48780822753906,97.5,100,2.5641026496887207,82.5,100,5,100,23.076923370361328,79.4871826171875,13958320128,0,11085697024,0
199,1759422994335,6024.98698425293,3700,0,1.0625,6024.98698425293,3700,0,1.0625,5993.107040405273,3700,0,1.06875,5993.107040405273,3700,0,1.06875,6988.267059326172,3700,0,1.06875,6988.267059326172,3700,0,1.06875,5642.176986694336,3700,0,1.06875,5642.179046630859,3700,0,1.06875,43902.33480834961,3552,1886,4441,1102,3552,3553,4440,4437,3730,1102,3548,2567,4244,4135,3553,1102,5,100,100,0,5,100,60.000003814697266,45,100,0,0,100,5,100,100,4.761904716491699,13958320128,0,11135254528,0
199,1759422994535,6025.465133666992,2800,1,0.8625,6025.465133666992,2800,1,0.8625,5993.589447021484,2800,1,0.86875,5993.589447021484,2800,1,0.86875,6988.746643066406,2800,1,0.8625,6988.748352050781,2800,1,0.8625,5642.659561157227,2800,1,0.8625,5642.659561157227,3300,1,0.8625,43907.37251281738,3552,1886,4441,1102,3552,3553,4440,4437,3730,1102,3548,2567,4244,4135,3553,1102,0,100,100,0,0,100,100,0,100,9.523809432983398,0,100,0,100,100,5,13958320128,0,11135254528,0
199,1759422994735,6025.899673461914,3450,0,1,6025.899673461914,3450,0,1,5994.023468017578,3450,0,1,5994.023468017578,3425,0,1,6989.183074951172,3425,0,0.99375,6989.183074951172,3425,0,0.99375,5643.095001220703,3425,0,0.99375,5643.095001220703,3425,0,0.99375,43912.32556152344,3552,1886,4441,1102,3552,3553,4440,4437,3730,1102,3548,2567,4244,4135,3553,1102,0,100,100,0,0,100,100,0,100,9.523809432983398,0,100,0,100,100,5,13958320128,0,11150041088,0
199,1759422994935,6026.212097167969,3575,0,1.03125,6026.212097167969,3575,0,1.03125,5994.323318481445,3575,0,1.03125,5994.323318481445,3575,0,1.03125,6989.4835205078125,3575,0,1.03125,6989.485336303711,3575,0,1.03125,5643.458251953125,3575,0,1.03125,5643.458251953125,3575,0,1.03125,43917.10447692871,3552,1886,4441,1102,3552,3553,4440,4437,3730,1102,3548,2567,4244,4135,3553,1102,4.878048419952393,87.17948913574219,87.5,61.5384635925293,40,52.499996185302734,100,5,52.499996185302734,38.46154022216797,2.5,85.36585235595703,12.5,87.5,76.92308044433594,61.5384635925293,13958320128,0,11339935744,0
199,1759422995136,6026.628936767578,2550,1,0.81875,6026.628936767578,2550,1,0.81875,5994.735855102539,2550,1,0.81875,5994.735855102539,2550,1,0.81875,6989.89924621582,2575,1,0.81875,6989.89924621582,2575,1,0.81875,5644.127716064453,2575,1,0.825,5644.127716064453,2575,1,0.825,43922.13636779785,3552,1886,4441,1102,3552,3553,4440,4437,3730,1102,3548,2567,4244,4135,3553,1102,5,100,100,100,100,5,90.47618865966797,10.526315689086914,0,100,0,100,90,100,28.571430206298828,100,13958320128,0,11259822080,0
199,1759422995336,6027.044342041016,3175,1,0.9375,6027.044342041016,3175,1,0.9375,5995.146499633789,3175,1,0.9375,5995.146499633789,3175,1,0.9375,6990.308334350586,3175,1,0.9375,6990.308334350586,3175,1,0.9375,5644.826904296875,3175,1,0.9375,5644.826904296875,3175,1,0.9375,43927.100509643555,3552,1886,4441,1102,3552,3553,4440,4437,3730,1102,3548,2567,4244,4135,3553,1102,5,100,100,100,100,5,90.47618865966797,10.526315689086914,0,100,0,100,90,100,28.571430206298828,100,13958320128,0,11074609152,0
199,1759422995536,6027.46354675293,2400,1,0.79375,6027.46354675293,2400,1,0.79375,5995.562164306641,2400,1,0.79375,5995.562164306641,2400,1,0.79375,6990.728942871094,2400,1,0.7875,6990.731475830078,2400,1,0.7875,5645.520004272461,2400,1,0.79375,5645.520004272461,2400,1,0.79375,43932.14335632324,3552,1886,4441,1102,3552,3553,4440,4437,3730,1102,3548,2567,4244,4135,3553,1102,2.5641026496887207,100,100,100,13.1578950881958,89.74359130859375,0,100,2.5641026496887207,100,2.5,100,95,100,23.076923370361328,100,13958320128,0,11239944192,0
199,1759422995736,6027.855911254883,2600,1,0.825,6027.858535766602,2600,1,0.825,5995.957077026367,2600,1,0.83125,5995.957077026367,2600,1,0.83125,6991.125732421875,2600,1,0.825,6991.125732421875,2600,1,0.825,5646.268539428711,2600,1,0.825,5646.268539428711,2600,1,0.825,43937.0997467041,3552,1886,4441,1102,3552,3553,4440,4437,3730,1102,3548,2567,4244,4135,3553,1102,0,100,100,100,10,100,4.761904716491699,100,9.523809432983398,100,5.263157844543457,100,90.47618865966797,100,10,100,13958320128,0,11230355456,0
199,1759422995936,6028.264724731445,3750,0,1.075,6028.266586303711,3750,0,1.075,5996.362457275391,3750,0,1.08125,5996.362457275391,3750,0,1.08125,6991.532562255859,3750,0,1.08125,6991.532562255859,3750,0,1.08125,5647.008102416992,3750,0,1.08125,5647.008102416992,3750,0,1.08125,43942.09150695801,3552,1886,4441,1102,3552,3553,4440,4437,3730,1102,3548,2567,4244,4135,3553,1102,5,100,100,100,4.761904716491699,100,0,100,90,15.000000953674316,9.090909004211426,100,95,100,15.000000953674316,100,13958320128,0,11309101056,0
199,1759422996136,6028.666473388672,3600,0,1.0375,6028.666473388672,3600,0,1.0375,5996.762451171875,3600,0,1.0375,5996.762451171875,3600,0,1.0375,6991.929412841797,3600,0,1.0375,6991.929412841797,3475,0,1.00625,5647.727294921875,3475,0,1.00625,5647.727294921875,3475,0,1.00625,43947.04846191406,3552,1886,4441,1102,3552,3553,4440,4437,3730,1102,3548,2567,4244,4135,3553,1102,5,100,100,100,4.761904716491699,100,0,100,90,15.000000953674316,9.090909004211426,100,95,100,15.000000953674316,100,13958320128,0,11188727808,0
199,1759422996336,6029.056686401367,2450,1,0.8,6029.056686401367,2450,1,0.8,5997.162612915039,2450,1,0.80625,5997.162612915039,2450,1,0.80625,6992.341888427734,2450,1,0.8,6992.341888427734,2450,1,0.8,5648.157638549805,2450,1,0.8,5648.159851074219,2450,1,0.8,43952.11779785156,3552,1886,4441,1102,3552,3553,4440,4437,3730,1102,3548,2567,4244,4135,3553,1102,7.692307949066162,95,100,100,42.5,100,2.5641026496887207,100,100,5,2.5641026496887207,100,58.974361419677734,100,22.5,100,13958320128,0,11246485504,0
199,1759422996536,6029.454498291016,2475,1,0.80625,6029.456207275391,2475,1,0.80625,5997.551284790039,2425,1,0.8,5997.551284790039,2425,1,0.8,6992.742462158203,2425,1,0.79375,6992.742462158203,2425,1,0.79375,5648.541763305664,2425,1,0.8,5648.541763305664,2425,1,0.8,43957.09239196777,3552,1886,4441,1102,3552,3553,4440,4437,3730,1102,3548,2567,4244,4135,3553,1102,0,100,100,100,100,100,5,100,100,5,0,100,0,100,0,100,13958320128,0,11246485504,0
199,1759422996736,6029.852737426758,2475,1,0.80625,6029.852737426758,2475,1,0.80625,5997.942306518555,2475,1,0.80625,5997.944305419922,2475,1,0.80625,6993.147048950195,2400,1,0.8,6993.147048950195,2400,1,0.7875,5648.926620483398,2400,1,0.79375,5648.926620483398,2400,1,0.79375,43962.09071350098,3552,1886,4441,1102,3552,3553,4440,4437,3730,1102,3548,2567,4244,4135,3553,1102,5,100,100,100,100,100,10,100,90,10,9.523809432983398,100,5,100,0,100,13958320128,0,11241623552,0
199,1759422996936,6030.264511108398,2400,1,0.79375,6030.264511108398,2400,1,0.79375,5998.354568481445,2400,1,0.79375,5998.354568481445,2400,1,0.79375,6993.563400268555,2400,1,0.7875,6993.563400268555,2400,1,0.7875,5649.321136474609,2400,1,0.79375,5649.321136474609,2400,1,0.79375,43967.08934020996,3552,1886,4441,1102,3552,3553,4440,4437,3730,1102,3548,2567,4244,4135,3553,1102,0,100,100,100,100,100,0,100,0,100,5,100,0,100,5,100,13958320128,0,11241418752,0
199,1759422997137,6030.664627075195,2425,1,0.8,6030.664627075195,2425,1,0.8,5998.756683349609,2425,1,0.8,5998.756683349609,2425,1,0.8,6993.965667724609,2425,1,0.79375,6993.965667724609,2425,1,0.79375,5649.711227416992,2425,1,0.8,5649.711227416992,2425,1,0.8,43972.08680725098,3552,1886,4441,1102,3552,3553,4440,4437,3730,1102,3548,2567,4244,4135,3553,1102,5,100,100,100,100,100,5,100,0,100,5,100,63.15789031982422,40,5,100,13958320128,0,11241222144,0
194,1759422997342,6031.007965087891,3075,1,0.91875,6031.007965087891,3000,1,0.9,5999.149826049805,3000,1,0.90625,5999.149826049805,3000,1,0.90625,6994.32780456543,3000,1,0.9,6994.32780456543,3000,1,0.9,5650.126495361328,3000,1,0.90625,5650.126495361328,3000,1,0.90625,43977.1555480957,3552,1886,4441,1102,3552,3553,4440,4437,3730,1102,3548,2567,4244,4135,3553,1102,4.761904716491699,100,100,100,100,100,0,100,9.523809432983398,100,4.761904716491699,100,100,0,5,100,13958320128,0,11241222144,0
199,1759422997537,6031.256896972656,2500,1,0.8125,6031.256896972656,2460,1,0.8125,5999.414703369141,3075,1,0.91875,5999.414703369141,3075,1,0.91875,6994.5135498046875,2460,1,0.8,6994.5135498046875,2460,1,0.8,5650.416015625,2460,1,0.80625,5650.416015625,2460,1,0.80625,43982.00148010254,3552,1886,4441,1102,3552,3553,4440,4437,3730,1102,3548,2567,4244,4135,3553,1102,4.761904716491699,100,100,100,100,100,0,100,9.523809432983398,100,4.761904716491699,100,100,0,5,100,13958320128,0,11249233920,0
199,1759422997737,6031.376083374023,2525,1,0.8125,6031.376083374023,2525,1,0.8125,5999.488296508789,2525,1,0.81875,5999.488296508789,2525,1,0.81875,6995.268890380859,2525,1,0.8125,6995.268890380859,2525,1,0.8125,5650.483184814453,2525,1,0.8125,5650.485534667969,2525,1,0.8125,43987.042388916016,3552,1886,4441,1102,3552,3553,4440,4437,3730,1102,3548,2567,4244,4135,3553,1102,16.216215133666992,41.46341323852539,33.333335876464844,100,35.897438049316406,100,47.5,50,7.692307949066162,46.153846740722656,50,41.02564239501953,47.5,0,23.076923370361328,37.5,13958320128,0,11109769216,0
199,1759422997937,6031.857940673828,2625,1,0.83125,6031.860488891602,2625,1,0.83125,5999.968963623047,2550,1,0.83125,5999.968963623047,2550,1,0.81875,6995.760665893555,2550,1,0.8125,6995.760665893555,2550,1,0.8125,5650.95654296875,2550,1,0.81875,5650.95654296875,2550,1,0.81875,43992.02458190918,3552,1886,4441,1102,3552,3553,4440,4437,3730,1102,3548,2567,4244,4135,3553,1102,100,100,5,100,4.761904716491699,100,10,100,5,100,100,100,5.263157844543457,95.23809814453125,14.285715103149414,100,13958320128,0,11050328064,0
199,1759422998137,6032.801040649414,3325,0,0.96875,6032.801040649414,3325,0,0.96875,6000.271209716797,3325,0,0.975,6000.271209716797,3275,0,0.9625,6996.699768066406,3275,0,0.95625,6996.699768066406,3275,0,0.95625,5651.25129699707,3275,0,0.9625,5651.25129699707,3275,0,0.9625,43996.96221923828,3552,1886,4441,1102,3552,3553,4440,4437,3730,1102,3548,2567,4244,4135,3553,1102,100,100,5,100,4.761904716491699,100,10,100,5,100,100,100,5.263157844543457,95.23809814453125,14.285715103149414,100,13958320128,0,11050328064,0
199,1759422998337,6033.238037109375,2350,1,0.78125,6033.238037109375,2350,1,0.78125,6000.658538818359,2350,1,0.7875,6000.658538818359,2350,1,0.7875,6997.473281860352,2350,1,0.78125,6997.473281860352,2350,1,0.78125,5651.638870239258,2350,1,0.7875,5651.638870239258,2375,1,0.7875,44002.029861450195,3552,1886,4441,1102,3552,3553,4440,4437,3730,1102,3548,2567,4244,4135,3553,1102,52.499996185302734,100,0,97.5,0,95.1219482421875,2.5,97.5,2.5641026496887207,97.5,100,100,0,97.5,47.5,92.30769348144531,13958320128,0,11068887040,0
199,1759422998537,6033.583633422852,3050,1,0.9125,6033.583633422852,3050,1,0.9125,6001.005706787109,3050,1,0.9125,6001.005706787109,3050,1,0.9125,6998.282180786133,3050,1,0.9125,6998.282180786133,3050,1,0.9125,5651.979187011719,3050,1,0.9125,5651.979187011719,3050,1,0.9125,44006.94496154785,3552,1886,4441,1102,3552,3553,4440,4437,3730,1102,3548,2567,4244,4135,3553,1102,52.499996185302734,100,0,97.5,0,95.1219482421875,2.5,97.5,2.5641026496887207,97.5,100,100,0,97.5,47.5,92.30769348144531,13958320128,0,11100405760,0
199,1759422998737,6033.98388671875,3250,0,0.95,6033.98388671875,3250,0,0.95,6001.404724121094,3250,0,0.95625,6001.404724121094,3250,0,0.95625,6999.104110717773,3250,0,0.95625,6999.104110717773,3250,0,0.95625,5652.382675170898,3250,0,0.95625,5652.382675170898,3250,0,0.95625,44011.93544006348,3552,1886,4441,1102,3552,3553,4440,4437,3730,1102,3548,2567,4244,4135,3553,1102,5,100,2.5,100,0,100,2.5641026496887207,100,2.5,100,100,100,5,100,100,100,13958320128,0,11047682048,0
199,1759422998937,6034.425430297852,2475,1,0.80625,6034.425430297852,2475,1,0.80625,6001.84260559082,2475,1,0.80625,6001.84260559082,2475,1,0.80625,6999.818817138672,2475,1,0.8,6999.818817138672,2475,1,0.8,5652.818878173828,2475,1,0.80625,5652.821182250977,2475,1,0.80625,44016.965911865234,3552,1886,4441,1102,3552,3553,4440,4437,3730,1102,3548,2567,4244,4135,3553,1102,90,20,15.000000953674316,100,10,100,25,100,84.21052551269531,20,100,100,5,100,75,100,13958320128,0,11374157824,0
199,1759422999138,6034.818344116211,3525,0,1.01875,6034.818344116211,3525,0,1.01875,6002.228775024414,3525,0,1.025,6002.228775024414,3525,0,1.025,7000.525894165039,3525,0,1.01875,7000.525894165039,3525,0,1.01875,5653.208557128906,3525,0,1.01875,5653.208557128906,3525,0,1.01875,44021.94401550293,3552,1886,4441,1102,3552,3553,4440,4437,3730,1102,3548,2567,4244,4135,3553,1102,100,5,25,100,5,100,90,100,100,0,100,100,5,100,5,100,13958320128,0,11327168512,0
199,1759422999337,6035.2359619140625,3575,0,1.03125,6035.2359619140625,3525,0,1.03125,6002.647994995117,3525,0,1.01875,6002.647994995117,3525,0,1.01875,7001.104156494141,3525,0,1.01875,7001.104156494141,3525,0,1.01875,5653.624252319336,3525,0,1.025,5653.624252319336,3525,0,1.025,44026.89044189453,3552,1886,4441,1102,3552,3553,4440,4437,3730,1102,3548,2567,4244,4135,3553,1102,100,5,25,100,5,100,90,100,100,0,100,100,5,100,5,100,13958320128,0,11944239104,0
199,1759422999538,6035.643096923828,2550,1,0.81875,6035.643096923828,2550,1,0.81875,6003.051681518555,2550,1,0.81875,6003.051681518555,2550,1,0.81875,7001.676498413086,2550,1,0.8125,7001.676498413086,2550,1,0.8125,5654.028244018555,2550,1,0.81875,5654.030548095703,2550,1,0.81875,44031.95184326172,3552,1886,4441,1102,3552,3553,4440,4437,3730,1102,3548,2567,4244,4135,3553,1102,100,5.128205299377441,32.5,100,2.5,100,75,100,100,10,100,100,5,100,2.5641026496887207,100,13958320128,0,11837132800,0
199,1759422999738,6036.108367919922,2575,1,0.81875,6036.108367919922,2525,1,0.8125,6003.515716552734,2525,1,0.81875,6003.515716552734,2525,1,0.81875,7002.279434204102,2525,1,0.80625,7002.279434204102,2525,1,0.80625,5654.490707397461,2525,1,0.8125,5654.490707397461,2525,1,0.8125,44036.93569946289,3552,1886,4441,1102,3552,3553,4440,4437,3730,1102,3548,2567,4244,4135,3553,1102,100,5,0,100,9.523809432983398,100,100,100,100,0,100,100,4.761904716491699,100,5,100,13958320128,0,12235735040,0
199,1759422999938,6036.518859863281,3225,0,0.94375,6036.518859863281,3225,0,0.94375,6003.914978027344,3225,0,0.95,6003.914978027344,3225,0,0.95,7003.026840209961,3225,0,0.94375,7003.026840209961,3225,0,0.94375,5654.889633178711,3225,0,0.95,5654.889633178711,3225,0,0.95,44041.87568664551,3552,1886,4441,1102,3552,3553,4440,4437,3730,1102,3548,2567,4244,4135,3553,1102,100,5,0,100,9.523809432983398,100,100,100,100,0,100,100,4.761904716491699,100,5,100,13958320128,0,12499324928,0
199,1759423000138,6036.845352172852,3650,0,1.05,6036.847351074219,3650,0,1.05,6004.2314453125,3650,0,1.05,6004.2314453125,3650,0,1.05,7003.931579589844,3525,0,1.05,7003.931579589844,3525,0,1.01875,5655.243621826172,3525,0,1.01875,5655.243621826172,3525,0,1.01875,44046.85694885254,3552,1886,4441,1102,3552,3553,4440,4437,3730,1102,3548,2567,4244,4135,3553,1102,97.56097412109375,2.5641026496887207,19.51219367980957,100,0,100,82.92682647705078,100,100,0,100,100,17.948719024658203,92.5,2.5,100,13958320128,0,11853848576,0
199,1759423000338,6037.188751220703,3540,0,1.01875,6037.188751220703,3540,0,1.01875,6004.742263793945,3540,0,1.025,6004.742263793945,3540,0,1.025,7004.417922973633,3540,0,1.025,7004.417922973633,3540,0,1.025,5655.588027954102,3540,0,1.025,5655.588027954102,3540,0,1.025,44051.74668884277,3552,1886,4441,1102,3552,3553,4440,4437,3730,1102,3548,2567,4244,4135,3553,1102,85,5,50,80,9.523809432983398,83.33332824707031,15.000000953674316,81.81818389892578,85,47.619049072265625,85.71428680419922,80,85,10,10,84.21052551269531,13958320128,0,10995990528,0
199,1759423000538,6037.482009887695,3550,0,1.025,6037.482009887695,3550,0,1.025,6005.01969909668,3825,0,1.1,6005.01969909668,3825,0,1.1,7004.840713500977,3825,0,1.10625,7004.843338012695,3825,0,1.10625,5655.870758056641,3825,0,1.10625,5655.870758056641,3825,0,1.10625,44056.60662841797,3552,1886,4441,1102,3552,3553,4440,4437,3730,1102,3548,2567,4244,4135,3553,1102,65,5,100,63.15789031982422,5,61.904762268066406,9.523809432983398,63.15789031982422,60.000003814697266,0,63.15789031982422,65,60.000003814697266,5,5,60.000003814697266,13958320128,0,10942906368,0
199,1759423000738,6037.904556274414,3075,1,0.9125,6037.904556274414,3075,1,0.9125,6005.434509277344,3075,1,0.91875,6005.434509277344,3075,1,0.91875,7005.395111083984,3075,1,0.9125,7005.395111083984,3075,1,0.9125,5656.286514282227,3075,1,0.91875,5656.286514282227,3075,1,0.91875,44061.58168029785,3552,1886,4441,1102,3552,3553,4440,4437,3730,1102,3548,2567,4244,4135,3553,1102,100,0,100,100,0,100,5.263157844543457,100,100,4.761904716491699,100,100,100,15.000000953674316,5,100,13958320128,0,10942906368,0
199,1759423000938,6038.301239013672,3575,0,1.03125,6038.301239013672,3575,0,1.03125,6005.818664550781,3575,0,1.03125,6005.820495605469,3575,0,1.03125,7005.982330322266,3575,0,1.03125,7005.982330322266,3575,0,1.03125,5656.679763793945,3450,0,1.03125,5656.679763793945,3450,0,1.00625,44066.56408691406,3552,1886,4441,1102,3552,3553,4440,4437,3730,1102,3548,2567,4244,4135,3553,1102,100,5.263157844543457,100,100,9.523809432983398,100,5.263157844543457,100,100,0,100,100,100,5.263157844543457,5,100,13958320128,0,11042258944,0
200,1759423001138,6038.693389892578,3525,0,1.01875,6038.693389892578,3525,0,1.01875,6006.209030151367,3525,0,1.01875,6006.209030151367,3525,0,1.01875,7006.580627441406,3525,0,1.01875,7006.580627441406,3525,0,1.01875,5657.068222045898,3525,0,1.01875,5657.068222045898,3525,0,1.01875,44071.53468322754,3552,1886,4441,1102,3552,3553,4440,4437,3730,1102,3548,2567,4244,4135,3553,1102,100,4.761904716491699,100,100,0,100,5,100,100,0,100,100,100,0,5,100,13958320128,0,11136606208,0
199,1759423001339,6039.136566162109,4125,0,1.21875,6039.136566162109,1639.9999999999998,1,0.70625,6006.644927978516,1639.9999999999998,1,0.70625,6006.644927978516,1639.9999999999998,1,0.70625,7007.055313110352,1639.9999999999998,1,0.70625,7007.055313110352,1639.9999999999998,1,0.70625,5657.5145263671875,1639.9999999999998,1,0.70625,5657.5145263671875,2575,1,0.70625,44076.600357055664,3552,1886,4441,1102,3552,3553,4440,4437,3730,1102,3548,2567,4244,4135,3553,1102,100,0,100,4.761904716491699,0,100,0,100,100,0,10,100,33.333335876464844,70,89.47368621826172,5,13958320128,0,11137662976,0
199,1759423001538,6039.574203491211,3625,0,1.0437500000000002,6039.574203491211,3625,0,1.0437500000000002,6007.078430175781,3625,0,1.0437500000000002,6007.08039855957,3625,0,1.0437500000000002,7007.494400024414,3625,0,1.0437500000000002,7007.494400024414,3625,0,1.0437500000000002,5657.955322265625,3550,0,1.0437500000000002,5657.955322265625,3550,0,1.025,44081.54609680176,3552,1886,4441,1102,3552,3553,4440,4437,3730,1102,3548,2567,4244,4135,3553,1102,100,0,100,4.761904716491699,0,100,0,100,100,0,10,100,33.333335876464844,70,89.47368621826172,5,13958320128,0,11137662976,0
199,1759423001738,6040.066513061523,3500,0,1.0125000000000002,6040.066513061523,3500,0,1.0125000000000002,6007.578323364258,3500,0,1.0125000000000002,6007.578323364258,3500,0,1.0125000000000002,7007.993103027344,3500,0,1.0125000000000002,7007.993103027344,3500,0,1.0125000000000002,5658.456802368164,3500,0,1.01875,5658.456802368164,3500,0,1.01875,44086.55665588379,3552,1886,4441,1102,3552,3553,4440,4437,3730,1102,3548,2567,4244,4135,3553,1102,100,2.5,100,5,0,100,2.5641026496887207,100,100,4.878048419952393,2.5,100,0,100,100,2.5641026496887207,13958320128,0,11128623104,0
199,1759423001938,6040.439849853516,3560,0,1.025,6040.439849853516,3560,0,1.025,6007.939971923828,3560,0,1.03125,6007.939971923828,3560,0,1.03125,7008.365386962891,3560,0,1.03125,7008.365386962891,3560,0,1.03125,5658.83235168457,3560,0,1.03125,5658.83235168457,3560,0,1.03125,44091.48231506348,3552,1886,4441,1102,3552,3553,4440,4437,3730,1102,3548,2567,4244,4135,3553,1102,95.23809814453125,5,100,95,4.761904716491699,95,0,95,100,0,0,95,5,95.23809814453125,95,100,13958320128,0,11226247168,0
199,1759423002139,6040.731597900391,3250,0,0.95625,6040.731597900391,3250,0,0.95625,6008.209609985352,3250,0,0.95625,6008.209609985352,3250,0,0.95625,7008.655288696289,3250,0,0.95,7008.655288696289,3250,0,0.95,5659.113479614258,3250,0,0.95625,5659.113479614258,3250,0,0.95625,44096.248275756836,3552,1886,4441,1102,3552,3553,4440,4437,3730,1102,3548,2567,4244,4135,3553,1102,60.000003814697266,0,35,80,60.000003814697266,63.15789031982422,5,60.000003814697266,60.000003814697266,0,9.523809432983398,57.894737243652344,60.000003814697266,5.263157844543457,65,61.904762268066406,13958320128,0,11297349632,0
199,1759423002339,6041.13916015625,3550,0,1.025,6041.13916015625,3550,0,1.025,6008.612899780273,3550,0,1.03125,6008.612899780273,3550,0,1.03125,7009.062545776367,3550,0,1.025,7009.062545776367,3550,0,1.025,5659.518402099609,3550,0,1.025,5659.518402099609,3550,0,1.025,44101.24514770508,3552,1886,4441,1102,3552,3553,4440,4437,3730,1102,3548,2567,4244,4135,3553,1102,60.000003814697266,0,35,80,60.000003814697266,63.15789031982422,5,60.000003814697266,60.000003814697266,0,9.523809432983398,57.894737243652344,60.000003814697266,5.263157844543457,65,61.904762268066406,13958320128,0,11404767232,0
199,1759423002539,6041.56640625,3125,1,0.925,6041.56640625,3125,1,0.925,6009.036087036133,3125,1,0.93125,6009.036087036133,3125,1,0.93125,7009.487289428711,3125,1,0.925,7009.487289428711,3125,1,0.925,5659.940216064453,3125,1,0.93125,5659.940216064453,3125,1,0.93125,44106.23188781738,3552,1886,4441,1102,3552,3553,4440,4437,3730,1102,3548,2567,4244,4135,3553,1102,100,2.5641026496887207,22.5,97.5,100,100,5.128205299377441,100,100,2.5,0,100,100,2.5,100,100,13958320128,0,11386843136,0
199,1759423002739,6041.973037719727,2675,1,0.8375,6041.973037719727,2675,1,0.8375,6009.440032958984,2675,1,0.84375,6009.440032958984,2675,1,0.84375,7009.893005371094,2675,1,0.8375,7009.893005371094,2675,1,0.8375,5660.347473144531,2675,1,0.8375,5660.347473144531,2675,1,0.8375,44111.253662109375,3552,1886,4441,1102,3552,3553,4440,4437,3730,1102,3548,2567,4244,4135,3553,1102,100,0,15.000000953674316,90,100,100,5,100,100,4.761904716491699,0,100,100,0,100,100,13958320128,0,11299790848,0
199,1759423002939,6042.373764038086,2450,1,0.8,6042.373764038086,2450,1,0.8,6009.840057373047,2450,1,0.80625,6009.840057373047,2450,1,0.80625,7010.296188354492,2450,1,0.8,7010.296188354492,2450,1,0.8,5660.747543334961,2575,1,0.825,5660.747543334961,2575,1,0.825,44116.257400512695,3552,1886,4441,1102,3552,3553,4440,4437,3730,1102,3548,2567,4244,4135,3553,1102,100,4.761904716491699,15.000000953674316,95,100,100,20,100,100,5,5,100,100,5,100,100,13958320128,0,11421437952,0
199,1759423003139,6042.777420043945,2550,1,0.81875,6042.777420043945,2550,1,0.81875,6010.2406005859375,2550,1,0.81875,6010.2406005859375,2550,1,0.81875,7010.697616577148,2550,1,0.8125,7010.697616577148,2550,1,0.8125,5661.145217895508,2550,1,0.81875,5661.145217895508,2550,1,0.81875,44121.23944091797,3552,1886,4441,1102,3552,3553,4440,4437,3730,1102,3548,2567,4244,4135,3553,1102,30.000001907348633,78.94737243652344,15.000000953674316,100,100,100,5,100,100,5,0,100,100,0,100,100,13958320128,0,11350515712,0
199,1759423003339,6043.167938232422,3575,0,1.03125,6043.167938232422,3475,0,1.03125,6010.627731323242,3475,0,1.00625,6010.627731323242,3475,0,1.00625,7011.086700439453,3475,0,1.00625,7011.086700439453,3475,0,1.00625,5661.537155151367,3475,0,1.0125000000000002,5661.537155151367,3475,0,1.0125000000000002,44126.17921447754,3552,1886,4441,1102,3552,3553,4440,4437,3730,1102,3548,2567,4244,4135,3553,1102,30.000001907348633,78.94737243652344,15.000000953674316,100,100,100,5,100,100,5,0,100,100,0,100,100,13958320128,0,11537534976,0
199,1759423003539,6043.571960449219,2600,1,0.825,6043.571960449219,2600,1,0.825,6011.02326965332,2600,1,0.83125,6011.02326965332,2600,1,0.83125,7011.49446105957,2600,1,0.825,7011.496978759766,2600,1,0.825,5661.932327270508,2450,1,0.825,5661.932327270508,2450,1,0.8,44131.24880981445,3552,1886,4441,1102,3552,3553,4440,4437,3730,1102,3548,2567,4244,4135,3553,1102,0,100,12.820513725280762,95,100,100,10.256410598754883,100,100,2.5641026496887207,4.878048419952393,100,100,5.128205299377441,100,100,13958320128,0,11326427136,0
199,1759423003739,6043.97265625,2450,1,0.8,6043.97265625,2450,1,0.8,6011.431365966797,2450,1,0.80625,6011.431365966797,2450,1,0.80625,7011.909591674805,2450,1,0.8,7011.909591674805,2450,1,0.8,5662.328323364258,2450,1,0.8,5662.328323364258,2375,1,0.7875,44136.25038146973,3552,1886,4441,1102,3552,3553,4440,4437,3730,1102,3548,2567,4244,4135,3553,1102,5,100,0,100,100,100,9.523809432983398,100,100,0,0,100,100,5,100,100,13958320128,0,11313217536,0
199,1759423003939,6044.366195678711,2350,1,0.7875,6044.368194580078,2350,1,0.7875,6011.8372802734375,2375,1,0.79375,6011.8372802734375,2375,1,0.79375,7012.312072753906,2375,1,0.7875,7012.312072753906,2375,1,0.7875,5662.713684082031,2375,1,0.7875,5662.713684082031,2375,1,0.7875,44141.22412109375,3552,1886,4441,1102,3552,3553,4440,4437,3730,1102,3548,2567,4244,4135,3553,1102,94.73684692382813,14.285715103149414,0,100,100,100,0,100,100,5,0,100,100,0,100,100,13958320128,0,11305156608,0
199,1759423004139,6044.789047241211,2475,1,0.80625,6044.789047241211,2475,1,0.80625,6012.2373046875,2475,1,0.80625,6012.2373046875,2475,1,0.80625,7012.715377807617,2475,1,0.8,7012.715377807617,2425,1,0.79375,5663.109756469727,2425,1,0.8,5663.109756469727,2425,1,0.8,44146.220291137695,3552,1886,4441,1102,3552,3553,4440,4437,3730,1102,3548,2567,4244,4135,3553,1102,100,5,5,100,100,100,14.285715103149414,100,100,5,4.761904716491699,100,100,5,100,100,13958320128,0,11314114560,0
199,1759423004340,6045.19677734375,2350,1,0.7875,6045.19677734375,2350,1,0.7875,6012.629608154297,2350,1,0.7875,6012.629608154297,2350,1,0.7875,7013.1168212890625,2350,1,0.78125,7013.1168212890625,2350,1,0.78125,5663.504333496094,2350,1,0.7875,5663.504333496094,2325,1,0.78125,44151.22201538086,3552,1886,4441,1102,3552,3553,4440,4437,3730,1102,3548,2567,4244,4135,3553,1102,10,100,5,100,100,100,0,100,35,70,5,100,100,5,100,100,13958320128,0,11314851840,0
199,1759423004540,6045.4989013671875,3050,1,0.9125,6045.4989013671875,3050,1,0.9125,6012.943618774414,3050,1,0.9125,6012.943618774414,3050,1,0.9125,7013.401763916016,3050,1,0.9125,7013.401763916016,3050,1,0.9125,5663.8388671875,3050,1,0.9125,5663.8388671875,3050,1,0.9125,44156.135314941406,3552,1886,4441,1102,3552,3553,4440,4437,3730,1102,3548,2567,4244,4135,3553,1102,10,100,5,100,100,100,0,100,35,70,5,100,100,5,100,100,13958320128,0,11315847168,0
199,1759423004740,6045.627899169922,3150,1,0.93125,6045.627899169922,3050,1,0.93125,6013.144790649414,2440,1,0.8,6013.144790649414,2440,1,0.8,7013.9293212890625,3050,1,0.9125,7013.9293212890625,3050,1,0.9125,5664.009506225586,2440,1,0.8,5664.009506225586,2440,1,0.8,44161.13330078125,3552,1886,4441,1102,3552,3553,4440,4437,3730,1102,3548,2567,4244,4135,3553,1102,2.5641026496887207,66.66667175292969,33.333335876464844,65.8536605834961,67.5,100,27.5,75,2.5641026496887207,74.35897827148438,28.205129623413086,65,72.5,2.5,65.8536605834961,75,13958320128,0,11295608832,0
199,1759423004940,6045.926788330078,2550,1,0.81875,6045.926788330078,2550,1,0.81875,6013.4249267578125,2550,1,0.81875,6013.4249267578125,2550,1,0.81875,7014.499618530273,2550,1,0.8125,7014.501998901367,2550,1,0.8125,5664.266189575195,2550,1,0.81875,5664.266189575195,2500,1,0.8125,44166.18507385254,3552,1886,4441,1102,3552,3553,4440,4437,3730,1102,3548,2567,4244,4135,3553,1102,55,55,47.619049072265625,57.894737243652344,0,100,52.38095474243164,55,19.047618865966797,55,100,52.6315803527832,55,4.761904716491699,55,0,13958320128,0,11161624576,0
199,1759423005140,6046.574401855469,3225,0,0.94375,6046.574401855469,3225,0,0.94375,6013.840774536133,3225,0,0.95,6013.840774536133,3225,0,0.95,7015.141006469727,3225,0,0.94375,7015.141006469727,3225,0,0.94375,5664.67024230957,3225,0,0.95,5664.67024230957,3225,0,0.95,44171.09770202637,3552,1886,4441,1102,3552,3553,4440,4437,3730,1102,3548,2567,4244,4135,3553,1102,55,55,47.619049072265625,57.894737243652344,0,100,52.38095474243164,55,19.047618865966797,55,100,52.6315803527832,55,4.761904716491699,55,0,13958320128,0,11161624576,0
199,1759423005340,6047.387496948242,3150,1,0.93125,6047.387496948242,3150,1,0.93125,6014.167434692383,3150,1,0.9375,6014.167434692383,3150,1,0.9375,7016.028045654297,3150,1,0.93125,7016.028045654297,3150,1,0.93125,5665.01203918457,3150,1,0.93125,5665.01203918457,3150,1,0.93125,44176.10578918457,3552,1886,4441,1102,3552,3553,4440,4437,3730,1102,3548,2567,4244,4135,3553,1102,82.5,100,2.5641026496887207,97.5,19.51219367980957,97.56097412109375,2.5,97.5,5.128205299377441,97.5,100,100,100,0,100,2.5,13958320128,0,11108577280,0
199,1759423005540,6047.819046020508,2375,1,0.7875,6047.819046020508,2375,1,0.7875,6014.601150512695,2375,1,0.79375,6014.601150512695,2375,1,0.79375,7016.608581542969,2375,1,0.78125,7016.611267089844,2375,1,0.78125,5665.445098876953,2375,1,0.7875,5665.445098876953,2400,1,0.79375,44181.16134643555,3552,1886,4441,1102,3552,3553,4440,4437,3730,1102,3548,2567,4244,4135,3553,1102,5,100,4.761904716491699,100,100,100,5,100,0,100,100,100,100,4.761904716491699,100,5,13958320128,0,11147395072,0
199,1759423005740,6048.161849975586,3250,0,0.95,6048.161849975586,3250,0,0.95,6014.941757202148,3250,0,0.95625,6014.941757202148,3250,0,0.95625,7017.451278686523,3250,0,0.95,7017.451278686523,3250,0,0.95,5665.783493041992,3250,0,0.95625,5665.783493041992,3250,0,0.95625,44186.072357177734,3552,1886,4441,1102,3552,3553,4440,4437,3730,1102,3548,2567,4244,4135,3553,1102,5,100,4.761904716491699,100,100,100,5,100,0,100,100,100,100,4.761904716491699,100,5,13958320128,0,11118497792,0
199,1759423005940,6048.600784301758,3275,0,0.95625,6048.600784301758,3275,0,0.95625,6015.379241943359,3275,0,0.9625,6015.379241943359,3275,0,0.9625,7018.272979736328,3275,0,0.95625,7018.272979736328,3275,0,0.95625,5666.222763061523,3275,0,0.9625,5666.222763061523,3275,0,0.9625,44191.06993103027,3552,1886,4441,1102,3552,3553,4440,4437,3730,1102,3548,2567,4244,4135,3553,1102,50,51.28205490112305,5,100,100,100,2.5641026496887207,100,5,100,100,100,100,0,100,2.5,13958320128,0,11107196928,0
199,1759423006140,6049.013870239258,3225,0,0.94375,6049.0152587890625,3225,0,0.94375,6015.791641235352,3225,0,0.95,6015.791641235352,3100,0,0.95,7018.89225769043,3100,1,0.91875,7018.89225769043,3100,1,0.91875,5666.6322021484375,3100,1,0.925,5666.6322021484375,3100,1,0.925,44196.076080322266,3552,1886,4441,1102,3552,3553,4440,4437,3730,1102,3548,2567,4244,4135,3553,1102,100,5,15.789472579956055,95,100,100,5,100,5,100,100,100,100,5,100,4.761904716491699,13958320128,0,11277365248,0
199,1759423006340,6049.4208984375,2850,1,0.86875,6049.4208984375,2850,1,0.86875,6016.254348754883,2850,1,0.875,6016.254348754883,2850,1,0.875,7019.5933837890625,2850,1,0.86875,7019.5933837890625,2850,1,0.86875,5666.980377197266,2825,1,0.875,5666.980377197266,2825,1,0.86875,44201.07174682617,3552,1886,4441,1102,3552,3553,4440,4437,3730,1102,3548,2567,4244,4135,3553,1102,100,5,30.000001907348633,80,100,100,5.263157844543457,100,25,100,100,100,85,0,100,0,13958320128,0,11255758848,0
199,1759423006540,6049.85954284668,3300,0,0.9625,6049.85954284668,3300,0,0.9625,6016.795379638672,3300,0,0.96875,6016.795379638672,3300,0,0.96875,7020.095108032227,3300,0,0.9625,7020.095108032227,3300,0,0.9625,5667.3497314453125,3300,0,0.96875,5667.3497314453125,3300,0,0.96875,44206.02754211426,3552,1886,4441,1102,3552,3553,4440,4437,3730,1102,3548,2567,4244,4135,3553,1102,100,50,15.000000953674316,94.73684692382813,100,100,10,100,100,100,100,100,100,9.523809432983398,100,10,13958320128,0,12548014080,0
199,1759423006740,6050.300552368164,2550,1,0.81875,6050.300552368164,2550,1,0.81875,6017.309585571289,2550,1,0.81875,6017.309585571289,2550,1,0.81875,7020.689010620117,2550,1,0.8125,7020.689010620117,2550,1,0.8125,5667.785934448242,2550,1,0.81875,5667.788238525391,2550,1,0.81875,44211.09280395508,3552,1886,4441,1102,3552,3553,4440,4437,3730,1102,3548,2567,4244,4135,3553,1102,100,0,30.000001907348633,75,100,100,20,80,26.3157901763916,100,100,100,100,0,100,0,13958320128,0,12070871040,0
199,1759423006940,6050.767562866211,2550,1,0.81875,6050.767562866211,2525,1,0.81875,6017.774398803711,2525,1,0.81875,6017.774398803711,2525,1,0.81875,7021.296096801758,2525,1,0.80625,7021.296096801758,2525,1,0.80625,5668.250106811523,2525,1,0.8125,5668.250106811523,2525,1,0.8125,44216.06913757324,3552,1886,4441,1102,3552,3553,4440,4437,3730,1102,3548,2567,4244,4135,3553,1102,100,0,0,100,100,100,100,5,4.761904716491699,100,100,100,100,0,100,5,13958320128,0,12411883520,0
199,1759423007140,6051.073577880859,3225,0,0.94375,6051.073577880859,3225,0,0.94375,6018.069061279297,3225,0,0.95,6018.069061279297,3225,0,0.95,7022.336807250977,3225,0,0.94375,7022.336807250977,3225,0,0.94375,5668.549346923828,3225,0,0.95,5668.549346923828,3225,0,0.95,44221.008209228516,3552,1886,4441,1102,3552,3553,4440,4437,3730,1102,3548,2567,4244,4135,3553,1102,100,0,0,100,100,100,100,5,4.761904716491699,100,100,100,100,0,100,5,13958320128,0,12552314880,0
199,1759423007341,6051.443939208984,3500,0,1.0125000000000002,6051.443939208984,3500,0,1.0125000000000002,6018.438201904297,3500,0,1.0125000000000002,6018.438201904297,3450,0,1.0125000000000002,7022.900238037109,3450,0,1,7022.900238037109,3450,0,1,5668.926376342773,3450,0,1,5668.926376342773,3450,0,1,44225.99513244629,3552,1886,4441,1102,3552,3553,4440,4437,3730,1102,3548,2567,4244,4135,3553,1102,100,2.5641026496887207,32.5,80,56.09756088256836,100,53.84615707397461,94.87179565429688,5,100,100,100,100,2.5,100,5,13958320128,0,11025031168,0
199,1759423007541,6051.644683837891,3350,0,0.975,6051.648681640625,3350,0,0.975,6018.645812988281,3350,0,0.9812500000000001,6018.645812988281,3350,0,0.9812500000000001,7023.17155456543,2400,0,0.975,7023.17155456543,2400,1,0.7875,5669.142852783203,2400,1,0.79375,5669.142852783203,2400,1,0.79375,44230.65182495117,3552,1886,4441,1102,3552,3553,4440,4437,3730,1102,3548,2567,4244,4135,3553,1102,45,5,50,52.38095474243164,0,45,42.85714340209961,42.85714340209961,0,40,42.85714340209961,40,42.85714340209961,9.523809432983398,42.105262756347656,0,13958320128,0,11026653184,0
199,1759423007741,6052.04736328125,2500,1,0.80625,6052.04736328125,2975,1,0.89375,6019.045684814453,2975,1,0.9,6019.045684814453,2975,1,0.9,7023.768768310547,2975,1,0.89375,7023.768768310547,2975,1,0.89375,5669.539520263672,2975,1,0.9,5669.541519165039,2975,1,0.9,44235.669372558594,3552,1886,4441,1102,3552,3553,4440,4437,3730,1102,3548,2567,4244,4135,3553,1102,90.47618865966797,15.000000953674316,9.523809432983398,100,0,100,100,100,9.523809432983398,100,100,100,100,0,100,0,13958320128,0,11010265088,0
199,1759423007941,6052.45964050293,3450,0,1,6052.45964050293,3450,0,1,6019.4517822265625,3450,0,1,6019.4517822265625,3450,0,1,7024.343322753906,3450,0,1,7024.343322753906,3450,0,1,5669.94580078125,3450,0,1.00625,5669.94580078125,3450,0,1.00625,44240.60241699219,3552,1886,4441,1102,3552,3553,4440,4437,3730,1102,3548,2567,4244,4135,3553,1102,5.263157844543457,100,0,100,5,100,100,100,0,100,100,100,100,5,100,5,13958320128,0,11048439808,0
199,1759423008141,6052.84797668457,2850,1,0.86875,6052.84797668457,2850,1,0.86875,6019.837295532227,2850,1,0.875,6019.837295532227,2850,1,0.875,7024.886642456055,2850,1,0.86875,7024.886642456055,2850,1,0.86875,5670.340362548828,2850,1,0.875,5670.340362548828,2850,1,0.875,44245.61358642578,3552,1886,4441,1102,3552,3553,4440,4437,3730,1102,3548,2567,4244,4135,3553,1102,0,100,5,100,9.523809432983398,100,100,100,5,100,100,100,100,5.263157844543457,100,5,13958320128,0,11134943232,0
199,1759423008341,6053.258407592773,3550,0,1.025,6053.258407592773,3550,0,1.025,6020.247253417969,3550,0,1.025,6020.247253417969,3550,0,1.025,7025.365463256836,3550,0,1.025,7025.365463256836,3550,0,1.025,5670.754165649414,3550,0,1.025,5670.754165649414,3550,0,1.025,44250.572525024414,3552,1886,4441,1102,3552,3553,4440,4437,3730,1102,3548,2567,4244,4135,3553,1102,0,100,5,100,9.523809432983398,100,100,100,5,100,100,100,100,5.263157844543457,100,5,13958320128,0,11135754240,0
199,1759423008541,6053.7105712890625,3700,0,1.0625,6053.7105712890625,3550,0,1.0625,6020.701614379883,3550,0,1.06875,6020.701614379883,3550,0,1.025,7025.826690673828,3550,0,1.025,7025.826690673828,3550,0,1.025,5671.209320068359,3550,0,1.025,5671.209320068359,3550,0,1.025,44255.582458496094,3552,1886,4441,1102,3552,3553,4440,4437,3730,1102,3548,2567,4244,4135,3553,1102,2.5,100,0,100,2.5,100,20,100,2.5,100,20.512821197509766,100,100,2.5,97.56097412109375,2.5,13958320128,0,11135754240,0
199,1759423008741,6054.186706542969,2875,1,0.875,6054.186706542969,2875,1,0.875,6021.189270019531,2875,1,0.88125,6021.189270019531,3325,1,0.975,7026.317901611328,3325,0,0.96875,7026.317901611328,3325,0,0.96875,5671.695159912109,3325,0,0.975,5671.695159912109,3325,0,0.975,44260.60234069824,3552,1886,4441,1102,3552,3553,4440,4437,3730,1102,3548,2567,4244,4135,3553,1102,0,100,0,100,0,100,0,100,0,100,9.523809432983398,100,100,5,100,0,13958320128,0,11128344576,0
199,1759423008941,6054.57080078125,3400,0,0.9875,6054.57080078125,3400,0,0.9875,6021.566329956055,3400,0,0.9875,6021.566329956055,3400,0,0.9875,7026.84440612793,3400,0,0.9875,7026.84440612793,3400,0,0.9875,5672.075622558594,3400,0,0.99375,5672.077224731445,3400,0,0.99375,44265.58361816406,3552,1886,4441,1102,3552,3553,4440,4437,3730,1102,3548,2567,4244,4135,3553,1102,0,100,0,100,0,100,4.761904716491699,100,0,100,89.47368621826172,100,100,4.761904716491699,100,85.71428680419922,13958320128,0,11208093696,0
199,1759423009141,6054.903350830078,3550,0,1.0437500000000002,6054.903350830078,3550,0,1.025,6021.927932739258,3550,0,1.03125,6021.927932739258,3550,0,1.03125,7027.334442138672,3550,0,1.025,7027.334442138672,3550,0,1.025,5672.407730102539,3550,0,1.03125,5672.407730102539,3550,0,1.03125,44270.41258239746,3552,1886,4441,1102,3552,3553,4440,4437,3730,1102,3548,2567,4244,4135,3553,1102,5,73.68421173095703,10,94.73684692382813,5,75,0,78.94737243652344,23.809524536132813,76.19047546386719,75,80,80,5,78.94737243652344,78.94737243652344,13958320128,0,11181223936,0
199,1759423009341,6055.321273803711,2975,1,0.89375,6055.321273803711,2975,1,0.89375,6022.388427734375,2975,1,0.9,6022.388427734375,2975,1,0.9,7028.04931640625,2975,1,0.89375,7028.052108764648,2975,1,0.89375,5672.821685791016,2975,1,0.9,5672.821685791016,2950,1,0.89375,44275.4559173584,3552,1886,4441,1102,3552,3553,4440,4437,3730,1102,3548,2567,4244,4135,3553,1102,0,100,5,90.47618865966797,5,100,9.090909004211426,100,25,100,100,100,100,0,100,100,13958320128,0,11353575424,0
199,1759423009541,6055.737289428711,3600,0,1.0375,6055.737289428711,3600,0,1.0375,6022.843704223633,3600,0,1.0437500000000002,6022.843704223633,3600,0,1.0437500000000002,7028.801193237305,3600,0,1.0437500000000002,7028.801193237305,3600,0,1.0437500000000002,5673.233184814453,3600,0,1.0437500000000002,5673.233184814453,3600,0,1.0437500000000002,44280.3899230957,3552,1886,4441,1102,3552,3553,4440,4437,3730,1102,3548,2567,4244,4135,3553,1102,0,100,5,90.47618865966797,5,100,9.090909004211426,100,25,100,100,100,100,0,100,100,13958320128,0,11258650624,0
199,1759423009742,6056.157577514648,2425,1,0.8,6056.157577514648,2425,1,0.8,6023.279739379883,2425,1,0.8,6023.279739379883,2425,1,0.8,7029.440475463867,2425,1,0.79375,7029.442123413086,2425,1,0.79375,5673.666809082031,2425,1,0.8,5673.666809082031,3075,1,0.8,44285.43002319336,3552,1886,4441,1102,3552,3553,4440,4437,3730,1102,3548,2567,4244,4135,3553,1102,2.5,100,50,50,2.5,100,17.948719024658203,100,15.789472579956055,100,84.61538696289063,100,100,5,100,100,13958320128,0,11260039168,0
199,1759423009942,6056.561965942383,2375,1,0.7875,6056.564239501953,2375,1,0.7875,6023.690521240234,2375,1,0.79375,6023.690521240234,2375,1,0.79375,7029.851974487305,2375,1,0.7875,7029.851974487305,2375,1,0.7875,5674.1016845703125,2375,1,0.7875,5674.1016845703125,2375,1,0.7875,44290.44737243652,3552,1886,4441,1102,3552,3553,4440,4437,3730,1102,3548,2567,4244,4135,3553,1102,5,100,100,5,5.263157844543457,100,95,100,9.523809432983398,100,5,100,100,19.047618865966797,100,100,13958320128,0,11372736512,0
199,1759423010142,6056.96484375,3025,1,0.90625,6056.96484375,3025,1,0.90625,6024.09846496582,3025,1,0.9125,6024.09846496582,3025,1,0.9125,7030.257858276367,3025,1,0.90625,7030.257858276367,3175,1,0.9375,5674.538330078125,3175,1,0.9375,5674.538330078125,3175,1,0.9375,44295.406646728516,3552,1886,4441,1102,3552,3553,4440,4437,3730,1102,3548,2567,4244,4135,3553,1102,5,100,100,5,5.263157844543457,100,95,100,9.523809432983398,100,5,100,100,19.047618865966797,100,100,13958320128,0,11256385536,0
199,1759423010342,6057.366912841797,2500,1,0.8125,6057.366912841797,2500,1,0.8125,6024.49787902832,2700,1,0.85,6024.49787902832,2700,1,0.85,7030.660797119141,2700,1,0.84375,7030.660797119141,2700,1,0.84375,5674.976898193359,2700,1,0.84375,5674.976898193359,2700,1,0.84375,44300.40121459961,3552,1886,4441,1102,3552,3553,4440,4437,3730,1102,3548,2567,4244,4135,3553,1102,5.128205299377441,100,100,5,7.317072868347168,100,92.5,100,0,100,2.5641026496887207,100,100,15.384615898132324,100,100,13958320128,0,11445436416,0
199,1759423010542,6057.78254699707,2425,1,0.8,6057.784622192383,2425,1,0.8,6024.9080810546875,2425,1,0.8,6024.9080810546875,2350,1,0.7875,7031.074234008789,2350,1,0.78125,7031.074234008789,2350,1,0.78125,5675.375793457031,2350,1,0.7875,5675.375793457031,2350,1,0.7875,44305.42739868164,3552,1886,4441,1102,3552,3553,4440,4437,3730,1102,3548,2567,4244,4135,3553,1102,5,100,100,0,10.526315689086914,100,100,100,9.523809432983398,100,9.523809432983398,100,100,0,100,100,13958320128,0,11296522240,0
199,1759423010742,6058.196182250977,2375,1,0.7875,6058.196182250977,2375,1,0.7875,6025.305465698242,2375,1,0.79375,6025.305465698242,2375,1,0.79375,7031.483215332031,2375,1,0.7875,7031.485260009766,2375,1,0.7875,5675.768539428711,2400,1,0.7875,5675.768539428711,2400,1,0.79375,44310.42445373535,3552,1886,4441,1102,3552,3553,4440,4437,3730,1102,3548,2567,4244,4135,3553,1102,5,100,100,0,0,100,100,100,5,100,0,100,100,4.761904716491699,100,100,13958320128,0,11306438656,0
199,1759423010942,6058.606719970703,2425,1,0.8,6058.606719970703,2425,1,0.8,6025.723541259766,2425,1,0.8,6025.723541259766,2425,1,0.8,7031.895416259766,2425,1,0.79375,7031.895416259766,2425,1,0.79375,5676.164566040039,2425,1,0.8,5676.166488647461,2425,1,0.8,44315.42190551758,3552,1886,4441,1102,3552,3553,4440,4437,3730,1102,3548,2567,4244,4135,3553,1102,5,100,95,10,5,100,100,100,5.263157844543457,100,5,100,100,0,100,100,13958320128,0,11317362688,0
199,1759423011142,6059.009567260742,2425,1,0.8,6059.011566162109,2425,1,0.8,6026.137405395508,2400,1,0.8,6026.137405395508,2400,1,0.79375,7032.3048095703125,2400,1,0.7875,7032.3048095703125,2400,1,0.7875,5676.555511474609,2400,1,0.79375,5676.555511474609,2400,1,0.79375,44320.39651489258,3552,1886,4441,1102,3552,3553,4440,4437,3730,1102,3548,2567,4244,4135,3553,1102,0,100,0,100,10,100,100,100,5,100,5,100,100,0,100,100,13958320128,0,11317362688,0
199,1759423011342,6059.413284301758,2400,1,0.79375,6059.413284301758,2400,1,0.79375,6026.540618896484,2400,1,0.79375,6026.540618896484,2400,1,0.79375,7032.715896606445,2400,1,0.7875,7032.715896606445,2425,1,0.7875,5676.959518432617,2425,1,0.8,5676.959518432617,2425,1,0.8,44325.3943939209,3552,1886,4441,1102,3552,3553,4440,4437,3730,1102,3548,2567,4244,4135,3553,1102,0,100,4.761904716491699,100,5.263157844543457,100,100,100,0,100,4.761904716491699,100,100,5,100,100,13958320128,0,11325325312,0
199,1759423011542,6059.655212402344,3075,1,0.91875,6059.655212402344,3075,1,0.91875,6026.850204467773,3075,1,0.91875,6026.850204467773,3075,1,0.91875,7032.997314453125,3075,1,0.91875,7032.998550415039,3075,1,0.91875,5677.290557861328,3075,1,0.91875,5677.290557861328,3075,1,0.91875,44330.33515930176,3552,1886,4441,1102,3552,3553,4440,4437,3730,1102,3548,2567,4244,4135,3553,1102,0,100,4.761904716491699,100,5.263157844543457,100,100,100,0,100,4.761904716491699,100,100,5,100,100,13958320128,0,11349213184,0
199,1759423011742,6059.757232666016,2420,1,0.8,6059.757232666016,2420,1,0.8,6027.026580810547,3025,1,0.9125,6027.026580810547,3025,1,0.9125,7033.619873046875,3025,1,0.90625,7033.619873046875,3025,1,0.90625,5677.514297485352,2420,1,0.8,5677.514297485352,2420,1,0.8,44335.30926513672,3552,1886,4441,1102,3552,3553,4440,4437,3730,1102,3548,2567,4244,4135,3553,1102,10.256410598754883,53.658538818359375,15.384615898132324,80,35.71428680419922,62.5,65,100,12.195121765136719,64.10256958007813,35.897438049316406,58.536582946777344,65,2.5,55,70,13958320128,0,11342602240,0
199,1759423011943,6060.121505737305,2500,1,0.80625,6060.121505737305,2500,1,0.80625,6027.427749633789,2500,1,0.8125,6027.427749633789,2500,1,0.8125,7034.184524536133,2550,1,0.8125,7034.184524536133,2550,1,0.8125,5677.806304931641,2550,1,0.81875,5677.806304931641,2550,1,0.81875,44340.358001708984,3552,1886,4441,1102,3552,3553,4440,4437,3730,1102,3548,2567,4244,4135,3553,1102,10,68.42105102539063,0,100,52.6315803527832,66.66667175292969,0,100,75,66.66667175292969,100,70,50,10,75,5,13958320128,0,11141046272,0
199,1759423012143,6060.4765625,3275,0,0.95625,6060.4765625,3275,0,0.95625,6028.139465332031,3275,0,0.9625,6028.144302368164,3275,0,0.9625,7034.906478881836,3275,0,0.95625,7034.906478881836,3225,0,0.95625,5678.215682983398,3225,0,0.95,5678.215682983398,3225,0,0.95,44345.29829406738,3552,1886,4441,1102,3552,3553,4440,4437,3730,1102,3548,2567,4244,4135,3553,1102,10,68.42105102539063,0,100,52.6315803527832,66.66667175292969,0,100,75,66.66667175292969,100,70,50,10,75,5,13958320128,0,11141046272,0
199,1759423012343,6060.817947387695,3125,1,0.925,6060.817947387695,3125,1,0.925,6028.80485534668,3125,1,0.93125,6028.80485534668,3125,1,0.93125,7035.592437744141,3125,1,0.925,7035.592437744141,3125,1,0.925,5678.630065917969,3125,1,0.93125,5678.630065917969,3125,1,0.93125,44350.31059265137,3552,1886,4441,1102,3552,3553,4440,4437,3730,1102,3548,2567,4244,4135,3553,1102,52.499996185302734,52.499996185302734,4.878048419952393,100,25,100,2.5,97.43589782714844,70,100,73.17073059082031,100,100,5.128205299377441,100,27.5,13958320128,0,11094065152,0
199,1759423012543,6061.2403564453125,3025,1,0.90625,6061.2403564453125,3025,1,0.90625,6029.226287841797,3025,1,0.9125,6029.226287841797,3025,1,0.9125,7036.010787963867,3025,1,0.90625,7036.010787963867,3025,1,0.90625,5679.04768371582,3025,1,0.90625,5679.04768371582,3025,1,0.90625,44355.28755187988,3552,1886,4441,1102,3552,3553,4440,4437,3730,1102,3548,2567,4244,4135,3553,1102,89.47368621826172,14.285715103149414,5,100,100,100,5,100,0,100,0,100,100,5,100,100,13958320128,0,11120386048,0
194,1759423012748,6061.580520629883,2425,1,0.8,6061.580520629883,2425,1,0.8,6029.563781738281,2425,1,0.8,6029.563781738281,2425,1,0.8,7036.352890014648,2425,1,0.79375,7036.355209350586,2425,1,0.79375,5679.398574829102,2350,1,0.8,5679.398574829102,2350,1,0.7875,44360.442611694336,3552,1886,4441,1102,3552,3553,4440,4437,3730,1102,3548,2567,4244,4135,3553,1102,0,100,4.761904716491699,100,100,100,0,100,4.761904716491699,100,9.090909004211426,100,100,5,100,100,13958320128,0,11066413056,0
199,1759423012943,6062.025344848633,3975,0,1.15,6062.026748657227,3975,0,1.15,6030.010101318359,4025,0,1.175,6030.011978149414,3975,0,1.15625,7036.807891845703,3975,0,1.1625,7036.807891845703,3975,0,1.1625,5679.844207763672,3975,0,1.15625,5679.844207763672,3975,0,1.15625,44365.29861450195,3552,1886,4441,1102,3552,3553,4440,4437,3730,1102,3548,2567,4244,4135,3553,1102,0,100,4.761904716491699,100,100,100,0,100,4.761904716491699,100,9.090909004211426,100,100,5,100,100,13958320128,0,11066413056,0
199,1759423013143,6062.421600341797,3150,1,0.93125,6062.421600341797,3150,1,0.93125,6030.39924621582,3150,1,0.9375,6030.39924621582,3150,1,0.9375,7037.205841064453,3150,1,0.93125,7037.205841064453,3150,1,0.93125,5680.231826782227,3150,1,0.9375,5680.231826782227,3150,1,0.9375,44370.24516296387,3552,1886,4441,1102,3552,3553,4440,4437,3730,1102,3548,2567,4244,4135,3553,1102,5.128205299377441,100,10.526315689086914,97.43589782714844,100,100,2.5641026496887207,100,2.6315789222717285,100,5.263157844543457,100,90,12.5,100,100,13958320128,0,11275272192,0
199,1759423013343,6062.836898803711,3550,0,1.025,6062.836898803711,3550,0,1.025,6030.808197021484,3550,0,1.03125,6030.808197021484,3550,0,1.03125,7037.627777099609,3550,0,1.025,7037.629867553711,3550,0,1.025,5680.649124145508,3550,0,1.025,5680.649124145508,3500,0,1.0125000000000002,44375.251556396484,3552,1886,4441,1102,3552,3553,4440,4437,3730,1102,3548,2567,4244,4135,3553,1102,0,100,30.000001907348633,85,100,100,4.761904716491699,100,5,100,5,100,0,100,100,100,13958320128,0,11476271104,0
199,1759423013543,6063.234573364258,3600,0,1.0375,6063.234573364258,3600,0,1.0375,6031.201736450195,3600,0,1.0375,6031.201736450195,3600,0,1.0375,7038.029541015625,3600,0,1.0375,7038.029541015625,3600,0,1.0375,5681.040817260742,3600,0,1.0375,5681.040817260742,3600,0,1.0375,44380.19592285156,3552,1886,4441,1102,3552,3553,4440,4437,3730,1102,3548,2567,4244,4135,3553,1102,0,100,30.000001907348633,85,100,100,4.761904716491699,100,5,100,5,100,0,100,100,100,13958320128,0,12208701440,0
199,1759423013743,6063.692596435547,2575,1,0.825,6063.692596435547,2575,1,0.825,6031.661468505859,2575,1,0.825,6031.661468505859,2575,1,0.825,7038.492172241211,2575,1,0.81875,7038.492172241211,2575,1,0.81875,5681.500274658203,2575,1,0.825,5681.500274658203,2575,1,0.825,44385.26985168457,3552,1886,4441,1102,3552,3553,4440,4437,3730,1102,3548,2567,4244,4135,3553,1102,2.5,100,20,82.5,100,100,2.5641026496887207,100,2.5,100,5.128205299377441,100,4.878048419952393,100,100,100,13958320128,0,12100583424,0
199,1759423013943,6064.141052246094,3225,0,0.94375,6064.141052246094,3225,0,0.94375,6032.1007080078125,3175,0,0.95,6032.1007080078125,3175,1,0.9375,7038.941650390625,3175,1,0.9375,7038.941650390625,3175,1,0.9375,5681.940612792969,3175,1,0.9375,5681.940612792969,3175,1,0.9375,44390.21644592285,3552,1886,4441,1102,3552,3553,4440,4437,3730,1102,3548,2567,4244,4135,3553,1102,2.5,100,20,82.5,100,100,2.5641026496887207,100,2.5,100,5.128205299377441,100,4.878048419952393,100,100,100,13958320128,0,12423651328,0
199,1759423014143,6064.44563293457,3650,0,1.05,6064.44563293457,3650,0,1.05,6032.392013549805,3650,0,1.05625,6032.392013549805,3650,0,1.05625,7039.246231079102,3650,0,1.05,7039.246231079102,3500,0,1.0125000000000002,5682.232681274414,3500,0,1.0125000000000002,5682.232681274414,3500,0,1.0125000000000002,44395.19306945801,3552,1886,4441,1102,3552,3553,4440,4437,3730,1102,3548,2567,4244,4135,3553,1102,2.5641026496887207,100,5.128205299377441,100,100,100,2.5,97.5,5,100,5,100,2.5641026496887207,100,100,100,13958320128,0,12331438080,0
199,1759423014343,6064.821014404297,3500,0,1.0125000000000002,6064.821014404297,3500,0,1.0125000000000002,6032.756576538086,3500,0,1.0125000000000002,6032.756576538086,3500,0,1.0125000000000002,7039.62028503418,3500,0,1.0125000000000002,7039.62028503418,3500,0,1.0125000000000002,5682.608840942383,3500,0,1.0125000000000002,5682.608840942383,3500,0,1.0125000000000002,44400.16915893555,3552,1886,4441,1102,3552,3553,4440,4437,3730,1102,3548,2567,4244,4135,3553,1102,2.5641026496887207,100,5.128205299377441,100,100,100,2.5,97.5,5,100,5,100,2.5641026496887207,100,100,100,13958320128,0,10981548032,0
199,1759423014544,6064.911270141602,3575,0,1.03125,6064.911270141602,3575,0,1.03125,6032.8358154296875,3575,0,1.0375,6032.8358154296875,3575,0,1.0375,7039.682098388672,3575,0,1.03125,7039.682098388672,3575,0,1.03125,5682.691986083984,3575,0,1.0375,5682.691986083984,3575,0,1.0375,44404.49168395996,3552,1886,4441,1102,3552,3553,4440,4437,3730,1102,3548,2567,4244,4135,3553,1102,30.000001907348633,28.205129623413086,26.829269409179688,80,56.09756088256836,53.84615707397461,2.5,55,0,53.84615707397461,0,55,2.5,55,53.84615707397461,55,13958320128,0,10983010304,0
199,1759423014744,6065.326019287109,3425,0,0.99375,6065.32763671875,3425,0,0.99375,6033.257797241211,3425,0,1,6033.257797241211,3375,0,1,7040.099533081055,3375,0,0.9812500000000001,7040.099533081055,3375,0,0.9812500000000001,5683.109924316406,3375,0,0.9875,5683.109924316406,3375,0,0.9875,44409.54652404785,3552,1886,4441,1102,3552,3553,4440,4437,3730,1102,3548,2567,4244,4135,3553,1102,100,5,26.3157901763916,80.95238494873047,100,100,0,100,5,100,9.523809432983398,100,5,100,100,100,13958320128,0,10939318272,0
199,1759423014944,6065.712982177734,2525,1,0.8125,6065.713912963867,2525,1,0.8125,6033.644195556641,2525,1,0.81875,6033.644195556641,3050,1,0.9125,7040.50537109375,3050,1,0.9125,7040.50537109375,3050,1,0.9125,5683.497802734375,3050,1,0.9125,5683.497802734375,3050,1,0.9125,44414.562591552734,3552,1886,4441,1102,3552,3553,4440,4437,3730,1102,3548,2567,4244,4135,3553,1102,100,5,90,31.57894515991211,100,100,5.263157844543457,100,10,100,21.052631378173828,100,5,100,100,100,13958320128,0,10932871168,0
199,1759423015144,6066.10270690918,3700,0,1.0625,6066.10270690918,3700,0,1.0625,6034.02458190918,3600,0,1.06875,6034.02458190918,3600,0,1.0375,7040.891632080078,3600,0,1.0375,7040.891632080078,3600,0,1.0375,5683.881500244141,3600,0,1.0375,5683.881500244141,3600,0,1.0375,44419.50601196289,3552,1886,4441,1102,3552,3553,4440,4437,3730,1102,3548,2567,4244,4135,3553,1102,100,5,90,31.57894515991211,100,100,5.263157844543457,100,10,100,21.052631378173828,100,5,100,100,100,13958320128,0,10944483328,0
199,1759423015344,6066.3052978515625,3560,0,1.025,6066.3052978515625,3560,0,1.025,6034.221923828125,3560,0,1.03125,6034.221923828125,3560,0,1.03125,7041.069290161133,3560,0,1.025,7041.069290161133,3560,0,1.025,5684.063903808594,3560,0,1.03125,5684.063903808594,3560,0,1.03125,44423.29235839844,3552,1886,4441,1102,3552,3553,4440,4437,3730,1102,3548,2567,4244,4135,3553,1102,70,0,21.95121955871582,95,70,70,4.878048419952393,70,2.5,67.5,2.5,67.5,0,70,70,71.79487609863281,13958320128,0,10366476288,0
1,1759423015544,6066.343688964844,2320,1,0.78125,6066.343688964844,2320,1,0.78125,6034.266143798828,2320,1,0.78125,6034.266143798828,2320,1,0.78125,7041.093566894531,2320,1,0.775,7041.093566894531,2320,1,0.775,5684.0928955078125,2320,1,0.78125,5684.0928955078125,2320,1,0.78125,44424.8426361084,3552,1886,4441,1102,3552,3553,4440,4437,3730,1102,3548,2567,4244,4135,3553,1102,0,0,31.57894515991211,0,0,0,0,0,0,0,0,0,5,0,0,0,13958320128,0,9608802304,0
